2.6224297271376256
2.3404828688740125
2.5107414655010292
1.7600378709022286
0.3675759079717178
2.4649354384441082
2.3126551080958544
3.1636838381746824
5.1962296870134228
6.5845410241288631
6.8079198450407237
5.8702499111279511
5.9041769144363583
6.5327610178162150
6.1951760209345821
8.0320012795978855
8.7957237352537128
8.3542392705978354
7.5553128119712758
9.4868767113689341
9.3159053150911539
9.7547071792711151
8.8876024011434840
9.0838037077319385
9.3733867420776722
9.0795340791008545
9.2958803955345690
10.8942660575936721
10.7172913529093741
8.5142518991126561
9.6877768852503952
10.7874539015809745
10.8325141548863879
12.2341625609731892
11.0982714090156112
9.8461173059726335
10.5227967966111997
11.8291171201693199
11.9428169584232950
12.8652740300348771
10.6884317054608395
9.4563970913455879
8.3406215737611280
9.0589821026257145
8.9272043644200654
8.5571018253512356
11.5369523427309080
12.2741933997582660
11.6539306797719284
12.4930326271593728
10.9879387795076706
9.4834750402161774
10.7924886114525620
10.2708793513005539
9.3746994753021990
10.4651862699281946
11.4986683301934374
12.6880923150955383
12.9641892994303198
12.9948798610342546
12.2610161974739533
11.3121848549338395
10.7815213621402339
11.2269611107669025
10.6309345197963800
9.1970996300280738
7.7769249379553500
7.2453870589557789
8.9776938237714621
7.9367218097579872
8.6089580388614699
7.4352726149816029
8.4776403556028548
8.9433832769264274
7.4714100415855382
8.2186667071660011
8.7996104043794823
8.6423998267479369
8.5883981935305265
7.0322448755935953
6.9659173144883164
5.9803315590224626
6.5253600464882258
5.5805167847848951
5.7110587364134986
6.0624521759605301
5.5780148614066238
6.5313652512311178
7.3950044929072254
8.1749471367369821
9.2082806156955357
8.8954105163650290
8.3805319649526613
7.2111762665475911
6.5314190940796077
7.6321295070325732
7.8473446018366602
9.4262470201182165
10.6144861668758761
9.9401196775496512
10.2008325884251221
9.3809996087601650
10.1181053446909086
7.4562315792240330
6.4196359378028474
6.0714174927342111
7.5464306771066889
7.8225180221432078
8.7729702360188320
10.0685117867135432
10.4107991599549479
10.1110808774906271
10.8394309686620698
9.4428874465635477
11.4192919859912578
11.1271194433997866
12.5172097579668158
11.3899010625808437
11.9914362880108278
11.1865564982790016
12.7385110634009688
13.6915954573986838
16.1031679760406092
16.2942520619861604
15.6467254390605568
16.0877280952794770
16.0618151272224203
16.1394079306966560
17.6044848054638265
18.0364775894468892
17.5829195388971655
16.2317300968021350
17.3278267432434099
16.5249558738193123
16.1131168332523877
16.7809566290101984
16.4459109849272522
16.0138881792826702
16.3723569773530855
15.2891085249351946
15.2214454064948317
14.6227175166732266
14.9266377850695697
14.5910227600381166
14.4297520060712152
12.5301674678534596
13.2132570292480676
14.1583363923914582
12.7066726859816175
12.3490246365344305
13.0308623497470180
13.6829159526287025
12.0544584475565095
11.7736160200752007
12.4638782423753867
13.6112076449956092
14.6415365454255877
16.0706255303433139
15.2609576721162892
14.7294273570426224
15.9859806319068696
15.5263245354885022
14.4546346031692359
13.9863726163871984
13.7100376423286825
13.8295806025707080
13.1334659357653951
13.9424576373912448
14.4951329416323471
16.1861714296525960
14.9916086168739273
14.9657197335779149
14.3258117921341821
13.2617465135986876
14.1903712590573257
13.7373556949398452
14.3674500044894362
15.2431253812222955
14.0794079005008150
14.1713078359055231
13.6049142776170733
12.2378948878923985
12.6886086393614193
12.4139188210545690
11.0989824135746673
12.0257093297565003
12.5477392716958231
12.3937103405964777
12.1971676083678506
13.8846908435087553
14.3678972895951542
13.6460855320461523
13.8917668039458224
13.8386834738357294
16.0111145057128859
15.3899396879558150
13.9917468156490461
14.6181643190805275
14.4010767235177557
13.8124471264923496
14.1920418228088181
12.2988271180320385
10.8887468026914540
10.1818355829444904
10.5228777546346421
9.6443967964582438
9.2875717761276526
9.3066277747953752
10.0592381924233099
11.8342813469562707
11.7829248963028839
11.9261120190968306
11.6380960970356337
10.9361913730654869
11.8015199638576167
10.3715955225524272
10.2532565256261901
10.0842716002647812
10.0423020800161886
9.9008431675445365
10.6135115016916242
11.5867668393376526
11.6128212892303253
10.6411665862286711
10.9634675386323117
12.9442362291162869
13.1770584389429839
13.5944161298557944
12.8966287245701139
12.3559054752088215
12.8653785609833857
12.5706849813123878
13.9313018937321456
14.2335641171051730
14.7684048036613280
14.1291687373567001
14.1276414315775298
13.2894458431990490
14.6079911139889411
13.5253961097553130
15.4803896853546927
14.3849696279836561
13.7457906539758401
14.8643395245311005
17.7479819793964673
18.6806220080763339
19.2201797762149269
18.8467824320065027
18.2185914082858922
17.3965444155119577
16.6373635303063523
17.2255717058710189
16.4128524782494267
16.6332200652148714
16.0542350285229318
16.3251341941311239
17.8021923298192029
17.4281922697669529
15.1915240592733483
14.0158893628681813
13.2087444434417272
12.3377135014086914
11.8796145373111841
12.0719097374539306
12.5787006031752000
10.6087630306533018
10.7373625903571739
10.9163392533434163
10.3732003424716552
10.8583020366252079
10.7288694012001962
11.0667017046717202
10.3640087683874658
8.1610787818812334
6.3213525156529595
6.0210269494161848
5.1559107520332264
4.5937475189784260
5.4817230693531416
5.3087249521225912
5.2802215547700966
5.2512941657086420
4.1833483881850597
2.3197692273879564
0.9314890979998660
0.0000000000000000
0.0000000000000000
1.0362137943945651
1.2235628595295072
1.1789984070271580
0.2614470904560051
0.7827708801714739
0.7984032913286057
0.0000000000000000
0.0000000000000000
1.2750002407053145
1.0019283427142356
3.1331816767394143
3.2276358446206541
3.8897094662866949
4.6681372995851653
4.2028810161665380
4.7573692673320336
4.1046083145853656
5.5838677437323430
4.1317753343891521
2.0620448655901757
3.2382952363599191
1.8568999660423831
0.5647158507818193
0.0745760433142787
0.0000000000000000
0.2337277731304377
1.0127643819792627
0.0000000000000000
0.0000000000000000
0.0000000000000000
0.0000000000000000
0.0000000000000000
1.3053328457596161
0.2121387115729347
0.0000000000000000
0.0000000000000000
0.0000000000000000
0.0000000000000000
0.0000000000000000
0.7535893230322678
1.0516391159790026
0.6190910483699151
0.0000000000000000
0.0000000000000000
1.3623011165728771
0.0000000000000000
0.0000000000000000
0.0000000000000000
0.0000000000000000
0.0000000000000000
0.8501237697273325
0.9361305911121875
0.1565918018341602
0.3295509894686671
0.8911081644896888
2.4446961811852530
2.1799576854476985
2.7099121558492985
1.9691789890896392
2.0818402129202891
0.6898533445756363
1.0916049306268729
1.4626858784782177
3.1698543118100941
2.9621414570588120
1.2164883415116505
0.0000000000000000
0.0000000000000000
0.0000000000000000
1.2978019712766957
0.5225314319245671
0.0000000000000000
1.5326527434444153
0.9229109641364306
0.0000000000000000
0.0000000000000000
0.0000000000000000
0.0000000000000000
0.0000000000000000
0.9241710851111806
0.6576579600512664
0.5464827280455051
0.0000000000000000
0.1845712128919823
1.2107787710723965
2.4628715694033962
2.1139253947353511
2.4457167814990415
1.9883002778738001
1.6247268908490562
0.9188184371587016
0.8201048208648493
1.6184499516996063
1.1510993323180152
1.3874897273993563
3.1034667884405804
4.4222714098837432
4.9536954027100082
5.7609152564482988
5.8631447463288193
7.2847504082095309
6.7917689215828654
8.6141242929116597
9.5602392375233531
9.0046397183845457
10.3862187036949223
8.9947008024040187
8.5737857581560117
6.5203069460698417
7.1056486029267321
6.1248262249169034
6.8949446925717783
5.4239018039684890
5.9657525901898687
4.9738057038759642
4.4172369418039246
2.5892381365546537
2.5693059603032951
3.4814892422755999
3.8454747706087065
4.1927446855404922
2.9436853749119565
2.5821450257366636
0.2279079981132273
1.0513897718123646
2.6191839890495032
2.1198190200398623
1.8771620545801218
1.9053917689553230
1.1821626800514666
0.7672101788286477
0.0000000000000000
0.0000000000000000
0.2305938557334026
0.7002109237520038
0.0000000000000000
0.8358882935198093
1.0749022469596163
0.0000000000000000
0.0000000000000000
0.0696863599369275
0.0000000000000000
0.3796632810668747
0.0000000000000000
1.2800373975642101
0.0000000000000000
0.0000000000000000
0.0047180373090803
0.0000000000000000
0.0000000000000000
0.0000000000000000
0.0000000000000000
0.0000000000000000
0.0000000000000000
2.2043123506959650
0.9849581168046335
0.7211631474802890
0.6814243101699529
1.8731125954094388
2.3140814165199668
2.9682960592930856
2.9171604676894103
3.9254223558520152
4.2523358997684948
4.0137368561389692
2.3626480610772256
2.2213411414469801
2.1892756709017944
1.2183669469796574
0.6693806559586322
0.0397656212732410
1.3923314800870483
2.6117578109342547
3.2246008112844109
1.8493624587894326
2.0255028304094465
2.6436109285290308
1.8850476309720510
3.2308145212274342
1.4233395828289459
0.0000000000000000
0.0000000000000000
0.0818197221158767
0.0000000000000000
2.0823981121868225
2.3136383963606484
2.1506946439351804
3.8790187064842705
2.7528722655382722
2.4555408913383907
2.2594625938471071
1.8307640871869892
2.2983423785786070
2.8759313623814968
2.5972991091194939
3.4064877180016033
4.6245152904851130
5.3615981651252236
7.4717583058621138
8.0417996853296145
6.6757992395268833
6.0601111565923080
6.1945771234878642
7.0751339039166918
7.5671944441875709
7.6087745998077017
8.3440974251734623
8.3229110725639384
7.0809686023262080
7.8742815120367720
6.6702476641748101
6.6409871941487850
7.3247758855578740
7.2111615665820343
7.4214893574578795
7.6804763008116383
7.2715831618454914
7.7738938342959685
7.7980039314826479
8.1252145338071831
7.4962660551357594
7.4710534963548296
7.2747589518071392
7.1802823730426946
5.1268182057323060
6.1793082297063258
5.2456465105372576
6.4045600598924954
5.4840165529618616
6.4774825022813713
7.4470473308485277
9.6076769265065121
11.1313210219898568
12.2294711329785670
12.6156296956281881
12.8767037662934900
12.5406723988094146
12.0337137686016735
11.7482035909979192
12.6563798915430858
12.2871844339531311
10.5790082163460415
12.5160013054247514
11.9174264222699815
13.1133651483314946
11.8780539626422783
10.1333063602677331
10.1184366003679891
10.5984077703222432
8.2501942555078536
8.0106831279683881
8.6112173753828234
8.0728846684876796
9.6550969582949691
11.2461264148422817
12.7691542768678072
13.5559762435516884
13.6976105084685003
14.4779489208074157
13.7826162581824789
15.7318258606168015
16.6169357328174740
17.9653629187463437
18.0300979832487087
16.6975704293110887
16.0510193223978028
15.5100774832790904
15.0797788826647974
16.8525902989576721
18.1238426195947504
18.0363509271504761
17.8010590102497410
16.6792070551837384
17.4052425547787912
17.3028686275973094
17.3375207946672703
19.4334071528692505
18.8691762111448185
18.6754410422449446
17.6385763023090973
18.1389110494894830
17.3686824910618540
18.1786454180782471
18.7114373441491679
18.7485321273682253
17.8260473800257344
17.1243003669078675
16.3380232358326474
17.9783604722179042
17.3814401949659683
17.1538221571087064
18.4965563906969770
18.0272471942453407
18.7613015993611327
17.9238170915797888
18.2100793322019143
18.4449591712403205
18.2104687771477636
18.0341317196097641
19.1650456727117913
19.4574041074914454
18.8214030970035964
16.6039954275786030
17.4971199990177375
17.6179610430372016
17.8677577974546224
17.4366082030411071
18.0884506403787135
18.1545600591220584
19.0619338147483042
19.2412259720896870
19.7187629567061293
19.2440521791800343
19.0743962339247197
19.4894251514832462
17.5852119604564763
17.2621820641993402
18.5904581024550346
17.4656866334094687
18.4463165124812321
19.2449943886465924
18.3843736596456786
18.2649664339274125
18.2928133627220610
18.7281985333241892
16.4396545939321221
16.1728170728932881
16.1873105690577752
15.3683177700839337
17.1313275788566131
16.5647454583966365
17.4447495403751027
17.6871567148424127
17.6538477799950329
20.1098829428621606
19.5529937574283856
20.0241266014013810
18.8761671072285608
19.7294349544253684
21.8581945828235860
22.8446940377214851
24.2930987517395565
24.1293123295317251
25.7598846396352812
26.4399122155374471
24.8094377140151607
25.0334702066077597
24.2635549191310957
24.3242018887536275
24.4690789359376879
25.4166071239289231
26.1192600557145482
26.6302417766794051
25.3194279292238740
24.4999201824746464
24.3724026416790700
25.4071926075363663
26.1975826014713356
26.0204740188007655
26.9585659463650309
26.3830703091439318
25.5331294178259149
24.3668083752921270
23.9731933151615380
25.1607166606625761
25.0383879314464366
23.1173857854831013
23.0211364895139603
23.7496510875759732
23.5530654247259648
23.5079858540075932
24.1082216725218146
24.3574428842244544
23.4619807523694952
22.4284154358428651
21.7753221312847174
20.8182276797692190
20.4541461615187252
22.4186564400888848
21.1668167326714780
21.0204144430882280
21.9100225075524513
23.0887982662633391
22.7438177710441920
23.2202107055172711
23.6474234647957644
22.4909681014131912
23.1032920723399648
23.3008370955326107
21.4722201982100636
23.4311224776182030
24.2946440983914016
22.2563850545612567
22.2190479582554374
22.4222209119405456
23.4632412777884412
23.9283026687059213
24.0701008073477247
24.8999241208554274
27.6790980458114433
30.1136228499124172
32.4629619757063494
31.9453364040123446
32.6045682722534025
32.5204531012835645
30.5630396114083709
29.4140480494275103
30.3722885074035389
31.1630010962678412
30.8094747404632656
30.8504299763377858
31.9657471608363437
30.3740355633344130
29.7127218008747995
30.7953109596949979
31.1953479869260946
30.9073194605948558
28.7273644578284291
28.6210431283664519
28.1033035538581935
27.8150142932440190
26.9816275106937837
26.6040547909382319
27.4545177109264635
26.9800303376140747
28.1125470875873411
29.4896151972862697
30.8099765632718849
30.2185238049447982
30.8926936056326689
29.6834138399897114
29.0283995535194386
29.9262545398189310
30.1820473892292256
30.6310216896080760
32.1241247469774152
31.6184911919640790
32.5275512189992853
32.4977070671106389
33.8371599274192576
34.2621534845176257
35.0460321229415825
37.7086191469512215
39.1742819836909462
39.3140050969479091
40.4060129041186187
41.2185837035606468
40.8427896141087459
40.0162943230111026
40.2535972255809327
41.0167908634485840
41.2355936909321699
41.5710485953233331
41.4799251677668721
40.7204524732843467
41.6030908780082314
42.8059809318544922
44.8637142159746034
44.8214459082699221
44.7776684026340845
45.1318598911270215
43.5141328397929144
44.6259633633468766
44.8825895293442230
44.0747714507609842
44.3159391355948955
45.9644744198131860
46.4026957003100264
45.2635885221737979
44.0786389463844017
42.7157391804244426
41.8081717535321360
41.0010942599831125
39.7184925263285677
38.8844565438341618
40.2969862747760885
40.6443587241399769
42.5213695240013081
44.2466873189036463
44.0370217346167223
43.5398766827791945
44.4457690149525959
45.0563070092202764
44.2590774208628588
44.7651585708377411
45.1911714339913075
45.1582885779039387
45.2265416402460687
43.7507483565411945
42.9819915992454611
42.7161959572232988
42.0054750111452577
41.1248099691795588
40.6945090859294965
39.7305065379784068
40.5171401965848403
40.4977510672372105
39.8640735081947071
40.7245405682314470
40.7469216787044246
41.2223123306907127
38.8117638973371726
36.4375656334367335
35.4192422370923836
36.3074218612277662
34.8691858886905948
34.5327565843004507
33.0226873582512326
34.1218822285568137
35.2700427093956890
36.5039844131527005
37.9565807180596835
39.5100774574129758
41.1209248592942060
40.2391259226735230
41.5769659127131987
40.2506209964179149
40.4784045066822742
41.2041154406361159
40.8472131136513070
42.3481066699909405
43.5851331471896373
45.6356828349217309
45.1682023595301203
45.6603630065116377
45.5518804931656760
45.2548843487567609
45.9839704941319738
44.9392199591771870
44.9582635977662335
46.7062976633389653
45.5685524499558525
46.3997317155944842
47.5731358111168916
47.9890353446192677
46.9787826862075519
47.6028176489249830
48.5136069173428481
48.2550369353906348
49.6522964229533130
50.2987663904326610
49.2651872064985028
49.1896573169907114
49.3969654576758899
49.9333143629033174
51.2262511648915151
51.1739024901640249
48.8052640669768252
48.6877778976422135
49.0202928940918738
50.4234883051463498
50.0900669855128982
49.6924832192795449
49.1615888641928649
49.1485826639800010
47.1842717540965069
46.6135950003543513
48.4551728050157564
47.6585217522035691
47.8209151716320022
47.7655940858750085
46.9914413859220161
47.5005574177200955
48.7999135879928758
48.8528086698467305
47.4220739753640288
46.8284544355269858
46.6066945232620284
46.2153464693840945
47.5070847750698348
46.7967644639665465
45.4391486479057392
43.7582997162629965
44.7924545311261184
45.7144341523358904
44.9101831050625435
45.0391187320638693
44.8201061183873364
44.6301477655063010
44.9277520130904051
46.3825954731052903
46.3047031442093768
45.6095991089869131
44.7121321780896466
46.5970969084910962
45.7723378491975126
45.7382244044006683
46.2266169270407730
48.0192362606899721
47.3161548592993668
46.9510923226393189
46.1004209784345633
45.3736242468474629
46.7791591008309382
45.5863564439313507
45.1168187911434870
45.0240147191808617
46.7789229631422643
45.2980605991036498
46.3202425901529793
47.0510473523642005
47.2845654433952092
47.9594354589902494
47.1483025607528532
45.7008400022426571
44.7895294098975896
45.9300848796629921
46.9502960264354314
45.3472465076505244
45.9055646962436938
46.0668672330091056
45.8053665374971288
46.4688706900977380
45.1161699717437727
44.7718578612434186
44.6125610815766720
45.9408612096636020
46.4576231495853520
47.5355072548233579
48.5399461140986475
47.9333292041841403
48.9240202434625076
48.9815769392276366
48.2276531414437599
47.6659559138452806
48.8835230079224701
50.6459176648275502
51.5216774379434170
52.4368889874176176
52.5394714745335847
52.9030584551071570
53.1184217562753531
52.2782974827301459
52.6272308345118773
52.2599813324801517
52.8437315975573227
52.3732667736169262
52.6392253558682057
53.3672019505248016
53.9665218639096054
51.8155324112774238
51.9084811969896691
51.2061206687911010
51.5250627680288247
52.4646371433691527
52.5251246155466589
52.4743775361886051
52.3392016447157573
52.9081355442819898
53.3778910674612845
53.9795604821372805
52.8142532805780220
53.9773296269308105
53.9543961102201735
56.5609502708346739
56.2733400914831279
54.5276116593625346
52.4436948356516623
53.1631949687678400
54.3682457726525215
53.3429810591528053
53.2107463071803721
52.2932019099746483
51.3279816601208694
51.3818236568963087
52.0126431222705321
52.1638153764413417
51.7724368486625579
50.3965903653766816
50.0484756095258803
49.1501279896966992
47.0928378172605875
45.7630941043671697
45.3157166675809577
46.9488533712991583
45.9541442540752101
45.4312276643448740
45.1307864928510583
44.3675050420675561
45.1545081903257639
42.7360521507324762
42.6181325870760972
42.5888796210672922
41.4542397971900769
40.3889954812322145
40.2792171338756759
40.9480777749769942
40.0670513503367900
39.4407370278110392
40.5186083499088667
40.7028034009673050
40.6674901092029444
39.1150270978315575
39.1022421235590940
39.1141024729527871
39.8617215315612512
40.1462928558037504
41.4418535139953264
40.2219680241660029
40.2679368312658639
40.7188761950458584
41.2875283246938594
40.8286762829458567
41.4742926815918125
41.1883776467099381
41.1214376505891579
41.8266840057884295
42.1092987110461650
42.5875473735401684
43.0553971767293575
42.5799662361938616
43.5143436642123618
45.8569992008889926
44.9906595130270190
44.8156436631641242
45.1274279043441737
43.7397170072122208
42.1974599389463805
42.1597927364000924
42.0621944103316636
41.4851633522602796
42.6634855696413098
43.1117553047369100
42.1655247082801949
41.2340564523297104
40.5271238318233813
40.1828390390876464
40.9769061268573083
41.1579789949758847
39.6051822921397800
38.9660721333060422
39.1101032639123858
37.9997552909367613
37.9432094979104022
38.9850299658641362
37.2366182375287451
37.1164069365623206
37.1039445525886151
37.6574349235332662
37.2063915768898710
36.8401214381580218
36.6120658712518789
36.8776367122940982
36.7321113265895178
38.1808163584864388
38.6711012715278741
38.8841332095863379
38.9118600676224631
40.7979035881906498
41.9067301131144418
41.8088322543189790
40.2786763440648414
40.8096056384891241
40.3989252922396815
40.0242887076745362
40.2798536626709947
37.7959955307586029
37.7051340793068732
35.7090182210842215
32.8374293637765220
33.7705553289694294
33.6492029451657828
32.7493968971917013
33.3975000497377437
33.5772398597400823
33.0912942153246590
31.0980548677885729
31.6858149274569172
31.0555496698656732
30.5395786513426870
30.3429006265438375
31.2775156344321346
31.1396786341841754
32.0558195625680966
31.5084440092786195
29.5645632848356819
28.7653738228258682
27.9205447590460665
27.4397219107520733
27.8528529294644756
27.2285637700683445
26.8907552605504776
28.0157109835980691
28.1373703142732019
27.5497608234082776
27.4659523672556531
29.1770986346776340
30.2124530277815637
32.2630162323325749
32.6840024962389251
34.0638200449693329
35.2149082153323079
35.6055233802451667
35.8165717750827710
37.4592729527962121
36.2858290077392169
37.4977361698333738
36.9576751625889131
38.5696537940498558
39.7276925017580069
39.0866974872435335
40.4279937637089262
40.7936627901580309
41.3196773064579617
39.7430023167806539
39.7111481256238577
39.7898209464069339
39.0301170975614795
39.0152034217696482
39.0020301490903449
40.0107980333269637
39.2731636504579953
39.0258757652521595
39.2221390117090181
38.1160737714363265
37.8219023641693255
36.7120646837490838
38.9331340007330482
38.3405356915206355
39.3490251908227506
38.9913732980353203
39.0591181406023296
37.8121873840758695
37.6990428955788275
36.9818754817560347
36.9433819110370010
36.8715342329796556
36.9498700110309386
37.5371215786204786
36.6540181261682747
35.6241252209217194
36.9110997217775463
37.4886890937170918
38.1227306698592656
36.6251535561282680
37.6540407181822516
38.2766769226801031
38.4612098613140247
39.4773120142581604
38.5734997568724083
38.6831485675917577
39.1319529551445555
38.5006711915270188
38.3549330698736668
37.6984308861148705
37.2414130115445801
37.0494635001749870
37.2089371210290523
37.9177980081286492
37.0022499257436195
37.3679392144729832
37.2960546171350273
36.7646289669618014
35.7278584016198124
36.5259797008618605
34.9903203279128192
33.7098749906394275
31.1839958782697479
31.3592224000152271
30.6106678896250841
29.4861060061348006
32.3676764895638769
33.7787848236284916
34.5871726609614640
35.0409905922813110
35.1402174627550323
34.2199612216603342
34.6153102088905769
34.4679075409211322
33.9041807853137129
34.5593105183069866
36.3026832138063256
38.3469539280864211
36.6264628298148693
36.9918293182665465
37.9958262721420255
39.2333408863534245
40.3382273896217001
39.7581120617812545
40.0143569439055256
40.5037809625672622
41.7921833904350493
44.5651355364910344
44.5132340760592484
44.4781914382478405
44.4404285293149997
44.6819488360180372
44.5988808495289604
45.8451690482363716
46.5635019493722524
45.8199020427180841
45.1831315085163325
44.5093148102181573
43.3125340372090051
42.9390697634023013
41.6108995228361636
40.6706427857729764
40.3173263419961430
40.7129430546571172
41.9351757953065629
40.0388599096605731
39.9918329947508084
39.8037853525114542
39.7972345594495209
38.3446479315703712
39.1692057125026665
39.2664388886158235
38.5346672797328580
37.8733419335831485
38.3325086456581872
39.2823856033551309
37.9774959588650205
36.7563199965542537
37.0182490257288421
39.2303494705922020
39.8424128223537366
39.7131912147320065
39.6953943565232734
40.4618364568574478
40.6751634533517858
42.4395925343631788
41.1595383551946554
41.9599852489169010
39.2355220771058342
39.8301977978683865
40.1766336795540013
39.4536506257025010
38.5990813644249045
40.4311882282045687
41.0019213176042996
40.8805298074077115
43.0870627529071299
43.7232408979569058
42.8537320877725492
43.8296966550455309
43.6827536525664542
43.3958094057803692
43.4339832603835490
43.2823331856278202
43.9476461317792158
44.8831681495660106
45.4316329207102640
46.1665102402797416
43.7583069077622895
43.6283069954711351
45.4877303030281510
44.4141872788656116
44.1593337945933584
46.2215325629504292
46.6559994715913220
46.2505982042736008
45.6074333288131513
45.6112978608625355
47.6213179829359063
47.1058752743503817
46.2645078322990884
46.8556256431116083
45.1028612658732584
45.3627594415058226
45.4464284797633340
46.1622085529743060
46.0142799301254399
44.9383191970660363
45.9598088917980760
45.1684557652883782
43.2668479729766631
42.9951321596835854
44.5986077077371377
43.5906209127880899
43.8037567499681728
45.3760060237081149
46.1383329047452477
45.4051517652767345
45.3755300833939330
45.4122562638027745
46.1408974907924829
46.4388055873345635
46.2545229870616481
47.2625821448611703
47.3362208204273003
46.4011492584229330
46.8976639425895812
46.9141052295341368
46.7047185421291928
47.4133414014923389
47.1189967024007572
46.0434404030382609
45.1746101017084314
44.9941412530626366
45.5833038241864088
47.2200362185174924
47.3799026086153745
47.0235577737690917
45.5514158326358256
45.6121726628891935
45.7098025165129016
44.2530397758464460
42.8059388295123142
42.1685192507180062
42.1629941656126164
42.2255141043827251
41.8372240439752687
40.3307605367722530
41.3841272821177313
41.2638322627415732
40.2475461766542750
41.6037952667727069
42.8643761775484506
42.9607921780518112
44.3077924522291013
42.5587977754546500
43.1051789119436464
46.0985954490061829
44.4156183142390546
43.6150124477468353
41.6514070950581470
44.1750730934677449
43.2636926571281748
43.3572363271046015
42.9881240327360103
42.8758886579437473
42.0159459832338129
41.8222924900433952
41.5533162790677864
41.1125268543959095
41.2822586371173230
42.8952229674044005
43.1849166591532594
43.2016618907457826
42.2146343133830300
40.7943236237402047
42.5362613682540669
41.1006609241082188
39.9514521396451983
39.5672667212774414
41.0775304489272131
40.8724557783390026
41.1798283499566438
42.0598864520460083
42.3844206940483659
43.1579706765736262
43.4455559832002152
41.5335351827750543
40.6024620706230479
38.8841365878919376
39.3607328119268232
38.8496631887178623
38.3301704497759843
41.0304896759301698
40.7905822286994777
40.2062575127729005
39.6092349477422445
40.4755510398598659
40.6118369356172053
41.4742431016668007
42.5365242406421515
42.8387626482248720
43.7491618951211905
44.7415953018095820
44.4738405356379118
45.4200471240407282
45.0122832129343422
43.8675008559156936
44.1123674861482087
43.5557916211035874
42.6474473074368632
43.0155242676581864
42.7117822295998621
43.2074549666118770
43.6378063739970514
46.0224142863755290
45.7426536872771266
45.9988219152093549
44.7964569351745538
45.0615561264484299
44.6022811991311485
45.7218719061690351
45.6212116913003527
45.2704707026647810
45.8584013199563998
45.5869483369697477
43.7372495358387710
43.3363246066288283
42.9759426239440145
42.3411069090503460
41.7789056116491935
41.9959732317787768
39.0456461089667357
38.9992509909661962
37.3331121126830539
38.3108215573370501
39.7544560159298044
40.9055791711578323
42.2397718584825057
41.3985448160338905
41.4405063498743260
42.4751902495221216
42.7113236583456910
42.2560194507268463
43.1223073100965237
40.9888663610680553
40.0352187844995910
40.5466890491717109
40.7443780723179785
40.7753716279825582
41.0030009904059014
39.9392544398133040
39.6401107238887818
38.5682337788945020
37.9581040234538705
37.8187410958167263
38.7301370971504753
39.8075950049619607
40.8091988867062483
40.7184351242786846
40.2866877528648288
42.0144969891104125
42.7576175320513272
44.0487481794145594
44.3163844728501388
43.7703035053344820
44.2224574739985812
45.3269772547926237
45.9981227143152438
45.1717651461210608
44.4617134016077387
44.9917601329029253
46.7771126577915553
47.5063982479118962
48.2996502796374045
45.5397734111438837
43.1018995262662372
40.8358840265093619
42.0011669234906080
41.3386356590979815
40.8774231196097233
42.8196051298536062
43.1926968634529445
44.3549513068802668
43.0039236167764187
44.5836540430430688
44.4305875322160091
45.4244430815611793
46.5576215270210838
44.6981046049167858
43.0934091089846589
44.3730608347188564
44.6394800723726135
45.6082511983144414
46.6905273641873393
45.6636997509360683
45.5749832661684309
44.7775820983154063
44.7852512447825788
43.6153264703121550
42.4522626299369321
41.7730487863453064
40.6095894228549383
41.8010984806478731
42.7542511707001083
43.6870164138411781
44.9558457864935050
42.2636789880808053
42.9222767008392339
44.4290797598510281
43.9119127574753634
44.7956396709640146
43.7159187941327971
45.2658162220879774
45.9865383093478357
47.9252172459611643
46.5459129782660881
46.2279149507943856
46.1449772548049637
46.1576418568823357
47.3877316786356459
47.9666340161506426
48.5422972340445540
48.8447020536710212
49.2793379364319080
48.6684666027014927
47.2699802436389547
47.8113107461444073
46.9876329124596879
46.7888328401220761
46.2826101978429705
45.4651696357823170
46.5016651047812957
47.4286416461231042
45.4258848522216709
44.6107696512551897
43.9953345510929026
44.6326863700831922
45.2256192681535651
45.1790820182104937
45.8323311553365329
45.9030767346507247
45.7234644442188909
46.6267193194075986
45.0197325370099506
44.6967151261488098
44.0927902924882389
45.5127883833471998
45.6195214398758964
44.6659345512263926
45.5003691837522410
45.2495389831237844
44.7515962659602948
44.9087795506189025
43.1971521680890618
45.1688806729785952
46.4096430496300769
45.7778564140755861
46.1732045441387697
45.2347709843346664
43.2618386843258236
42.8888727429432706
41.7779513694275551
41.4186826048638039
42.7995871127310181
43.2885214555937452
43.3191548300227467
42.1019417215032661
41.7400168562745648
43.9033292676018760
44.5361608000025626
45.3447117657047798
45.8818295260639530
46.6792461121353526
47.3875516002447554
47.5386737787585574
48.3754963570898227
46.6774614056692769
46.6953188961458920
47.9027739559184766
47.4049039986821228
47.4242342343538965
47.8854167209771546
45.7478272386448666
46.5995955267190567
46.1680879655219698
45.5317846844728820
46.1536474655198319
47.3062978485512389
47.6002286876923648
49.4779134436035122
49.8120184072501146
49.9247266517707828
50.1698454366740307
50.7909434423754576
50.8616151648413393
51.2971634572695834
52.3359773250506564
53.8997290200243739
53.8552990985562943
52.6678800691997822
53.6358136809689512
55.1861591278924521
57.9425039327357965
57.5073411579132951
58.3916665946082105
58.5337801637375037
58.9626945506464537
59.0296443437537945
60.5703763761590963
60.5800068130805656
60.0683341460909190
60.8350964396246709
62.0450587445369308
61.3697470623059260
61.3539508556790736
61.1167289298190823
60.5091482067207664
61.0962701342700569
60.1616009315897671
59.2658001827401364
59.7667417677750166
60.3094105899325541
61.5958804192493758
62.4563852880172519
62.4895991624428646
61.8841580749629898
60.6939441119878396
61.5437152683148767
61.8360634911332170
63.0210875135016764
61.9510169764766232
62.3329393347287350
60.3058223415021004
60.3290207408966950
59.1081965246267274
58.5838064304046497
58.8524705323229185
59.1942168644691762
59.7151143746664701
60.6976603630102289
62.6198702543601726
63.5894990361173953
61.2971695006231272
62.5505162140971365
62.3022451407057645
60.4376663756496697
60.5743970986116125
58.4555865811868145
60.0934565534190668
61.3772116731254229
61.7059159667113093
60.9319805115640065
60.2445590110321092
60.4578179014296850
60.6995455678350666
61.1033492378885867
61.2552694811883995
61.9312466052376465
61.7232650606781803
61.3811106536068536
62.4284164562879980
61.7725139846222930
62.6662057261093537
63.6468712750335115
62.7462140876030716
61.2852732049457316
61.0238315893974246
59.5118891656466360
60.2487516298170007
59.3615506387178939
60.5246927035721640
59.9806715135024362
59.7233331161870709
59.4320543065988787
60.5777609672112618
60.1019517933392962
60.2835757269188051
60.0993444235338004
59.0854910189024025
58.0704404274274069
58.1843242716699507
57.1734105468678493
58.6626301959674734
59.5343904286443006
59.6689794211623337
60.4732739028992725
62.1804397843004324
61.8501823777907234
62.9462501597986730
62.4528285709933684
63.1864004414610179
62.7951150248452237
64.6997011739001096
66.4057019415235033
66.6000919946877303
65.5923996416423307
64.6429166051977973
64.3632263574949377
63.5688526513375436
64.4921228486406903
63.3045007447606096
62.7501233991691620
63.9440213770400590
63.3468691276643412
62.3992408643588732
62.7860425604297347
62.4162304871709992
63.3565438061158943
64.2232918282393399
64.2246687322128196
62.8343832049837303
62.4386531564035820
63.7113490540680161
63.4390886643715248
60.9470607318327922
61.6502011716597380
60.7956044986808735
62.1199635385239191
62.5187578138433935
62.5114439251104770
62.6991757219841972
62.9183871832224781
62.6699572597458356
64.5918568670823703
63.7145083301552759
62.7635390531424164
63.0551263191258826
61.8593297933165829
63.1964393989610684
62.4242761649045192
63.3337553087617167
63.1941680835234862
63.2545405358437804
62.8217170022095956
64.3196835148390420
65.9577016516527550
65.2232260757890288
65.5155777736750764
66.9981083802048829
67.5540293332339843
65.6228595515658100
64.9206203860470197
63.3207915237701116
62.8860049863501303
62.4847488408209699
62.7094538140427460
63.5089711792988467
64.0444123309755753
62.9189837519804840
63.3937025866501642
63.6324700691745946
63.4786114218562787
64.9749807127535490
63.3320517295511536
64.2526603750605148
64.7339372094933623
64.4966862864687869
62.9058482413940823
64.4942974278105225
64.3192314099381264
64.4578589940759628
66.2004274309957736
65.4923037930530398
63.8751504482060994
64.3341299831883049
63.8546699615806403
63.6178198625386457
62.9931330958443851
63.1593710784827991
64.0423796417715891
64.9099712543425795
65.9208030434308370
64.1903110938503971
64.5586539056621405
64.9301235036034967
65.4991476455837045
65.2083860338921397
65.5231256626940848
67.4686942069939875
65.9782645590800030
67.6124517394936220
68.5700798361618808
65.4035944682821082
64.4781923714812280
63.6855835286845675
62.6153717922813797
63.1060788567101341
61.9583978818862775
61.5498351782122981
63.0437285077036407
62.4843090335498914
65.2143759150831386
65.7859935829477678
67.7332431218530218
66.6233800713625754
65.9656594379025876
66.1977102726833664
64.9584886576922855
65.2763032261731979
66.7562850854175025
64.8851881625915325
63.8417490406108357
63.6358094104006540
64.7278518844965163
63.9009365524242767
64.4474598278102206
64.5864044712819947
65.1460512542424084
65.2496605209393294
64.6134401984592159
66.1424327022107548
65.7137241422512943
66.8619001127357393
67.1045949341013568
66.2442305190034517
65.8624654266398153
65.6167182377389651
64.3266378137942922
63.7830997245520237
64.4273112825054710
65.6789467473030868
64.8984972867889951
64.8940499485680959
64.7933244942557991
64.7265557650151919
65.4409646268388769
65.4035652941439452
65.7654208779234040
66.7410349167116266
65.9626731117706697
66.0646636128068110
67.9436898598064261
68.0800847466003205
67.9524430965814048
66.4966723146999925
66.9332159462351655
65.9026233998449413
65.7278464392971529
64.2889217310370356
62.1897132644575379
61.5976686376223910
60.3745737011934054
61.8240390440636602
62.9737552190487335
64.8945185439532679
64.3395642393088423
63.9012134333485378
63.2795670279804980
64.6064397405642836
65.9897780200062130
66.6969871382284936
65.6268188356351629
66.0360152563418978
65.0901626918061993
64.6958451132265537
64.7869498372384243
65.4800638059855089
68.1892172685779485
67.7321792760461392
67.6000344913258999
66.6502974322354191
67.2799672332032515
68.7037150938006960
68.0648361410891027
66.7480463813719638
67.4810534181716548
67.3998125750486565
67.8161500396101218
66.3602118948196704
65.6849796891295910
66.1556477438109596
66.9430373292515384
69.2612555121957882
69.8116038642054804
68.8987769362294387
69.1384978967354158
68.9408728603434042
68.6411349263886024
70.0740128100526789
68.4021344472532746
67.0554138766785996
66.4984503502075341
65.4443288470595519
66.3801327558234249
66.1576083885292690
66.0064667893699095
65.8597819811427314
65.0051140805106940
64.5429925264806457
64.6451460777069826
64.2844654678141154
64.8136173183306852
64.8551479645015121
64.1375625572221253
62.7089296899961539
61.4513251136507961
61.7330298642346875
59.7823166168605411
61.4995398132984121
60.8089423173174737
61.4202275908891338
61.8888680293724889
61.5851931419729297
62.0278511591863619
61.4283591437747489
61.7413420359405123
61.2755203071320977
62.3809079824247092
62.2959923230839081
62.3802015176411970
61.9446855146399429
60.5312661857180530
61.8756194647101267
60.7768200803433771
61.5117820320022801
59.5584060633343242
57.4567543662586786
56.1903035598263259
56.8977342835290187
55.6995848725569047
55.1184411236358756
55.4047496761865261
55.3491818069182600
55.7696935393318753
55.8981553571887844
55.4854477544048734
57.2473737712961110
59.2015018166103957
59.9892487024194381
60.4647041961406373
60.5950661770956671
61.3244833754605736
61.4447820966803206
62.2983065113988772
61.6123955358797843
62.2414611031414680
61.7327512260096825
61.5952076891250755
64.1158538099337107
64.0647424693772791
64.5503145332090611
64.9815755813328337
65.2267267615767139
65.8799790510572336
66.0944871035889605
65.4468106140676156
64.8925197563565348
65.1484534166679481
64.0436278624884494
63.8208256605098043
62.0953295640031868
62.3805878997340386
63.7372362716586593
66.6772130368096754
67.7771038021495258
68.4469089895556522
68.4987631044592149
66.9751252860403667
66.5058825925352437
66.1139465501297252
66.7114313340713352
65.6714782652353648
65.1852485721801571
66.0325651877812447
67.2193983528530481
67.9379267819439150
69.0266499924455843
70.1384895446624057
69.7922203391078853
71.5258312265440992
71.9544466088880199
72.4664557086399128
71.3215763855433238
70.9651864156788008
71.0505053615947162
69.9181707398241485
70.2806765758797241
70.1241463960932236
71.9375489787395423
72.4919714616947317
72.2554248224921736
73.4353550873282188
71.6984893261878540
70.9974998153176955
70.5490439870618218
72.5525046793612063
72.3317168243863620
72.5386280568269370
71.6057689603769774
71.8004504732970474
71.3609101085065731
70.9578389980377295
68.8254236267975301
68.5836542691659190
67.4967324434701368
67.8172011938921457
66.8610242007996192
66.7969599895035202
66.5167587438621268
66.3257643205218699
64.8228261909527106
65.4085535788760382
65.8065359760873037
69.9210981262798725
71.7268850424673587
71.8477995284314801
72.3682893852311508
72.2371772080307863
70.0799193694479357
69.9153753289781719
70.3353130858577913
72.8675340915818737
71.5715581486093839
71.3189131199882951
71.0376649540444163
71.2461197823992052
71.5845521008367598
71.0307966253731706
71.8670379175008236
71.4608384215978418
71.7930247488110354
72.7360071418608243
72.2868001362152341
71.7409379757173156
70.8144922242853312
72.2725016491112342
72.3309318853251568
72.5421473486152593
72.4028724631712493
73.2643316304513945
73.3576211856451579
74.4161232438364095
75.6686806019565523
76.1121242229230148
76.6439821623025495
77.9145871914946611
77.6558190098145076
77.0417510424486522
79.0409609585338302
78.9102305847848555
77.5081977087849623
76.7849309442042767
76.3118650061571770
77.5262249681879041
78.1272413908689174
77.8102526254883173
77.0190565062418244
78.9814013566526683
79.3606360448068244
79.6904138325950271
79.2237109103934785
78.6676978380554033
78.4313953314625820
77.8068544563915907
78.1376772301441207
78.1783036237674480
76.2256398580925776
76.6905570959041256
76.3973148819375467
75.2556986060951516
74.3582689394224587
76.3498736547823711
76.2869623115716138
76.5206954091418794
76.8267793154708869
76.6437098954065164
75.3631975098616635
72.9199348862813679
74.4797213436302741
75.7274126658258240
76.6875617162403813
75.4236914359456563
74.2995529151038880
74.5066945083218144
74.7785293884197131
74.4980723008210930
74.3214444176961280
74.8280959072622238
73.4359289536297837
71.3586226953105154
74.9895195169996640
75.0278645823095474
73.9138642699336117
73.2305742772036581
73.0610297772509654
73.3040008899726416
71.8694744379987895
71.5386055741823270
71.6221592194278998
70.4156062265713558
69.4511531539615277
70.9839896063530631
70.9729363617479549
71.3099836209873388
72.5399185307906293
73.1385303522212382
72.9586833789274749
72.4330083655409283
72.2234635129104987
73.6162410419540265
73.4419730510538074
72.8877734563115069
73.7406280626564694
75.5326823459206054
74.4802768098268757
73.8552003068598850
74.8717252092111067
75.4993413586806383
76.3111578946320037
78.3602603993078048
77.2674705716222121
77.2212705522266702
78.0703625456041266
78.2052135404127711
79.0509250042937879
80.4265229701234858
80.7640242404871316
81.2390738050817873
81.9809804936845836
81.9236116574301150
81.4600063078083707
81.6288287749554229
81.0407895870533395
79.8792972551076303
80.9996882525657043
81.3483506283940301
81.2283302765394666
81.5633396683350469
81.1064554449174722
80.1635422272629512
81.2624639721481259
80.8504522604421965
80.2720316729556629
80.0247656375579197
81.0714837198249256
81.9707106505937872
82.6639704476914687
81.9038751846759681
81.4738665901249703
81.9855515264986821
83.0760576219473847
83.2604646331993479
83.2893087114723016
83.5556205023673044
84.4165376678242865
85.5359633448614431
86.3287607538914017
87.7892302465823207
87.4288073062434279
87.3103124472927874
89.0996639381361462
89.3197446029126496
88.5703239056069265
89.3682109434854226
88.1457371945797377
87.9615321150635623
87.7659828814330893
88.9941067578036495
89.0497521419009814
88.4222133911885209
88.7999025169364558
88.5159694639828416
88.1496689251508343
88.8584269927493722
88.7264223278591260
90.3940460378660759
88.9164719235564860
89.1207386876860710
87.0343741704288334
87.2012709283779088
87.4320639044637460
87.8980435537460352
88.3352931994575670
89.3340411206611407
91.2352409227396350
91.4811028850587320
92.9898259324916410
93.3116560452956918
93.3130291947306745
92.8740727282988843
92.2322930264845695
90.6111202608328909
89.9184310991768712
89.6104498192398182
88.9818826127921625
88.3646089876761351
89.7437700526471502
90.6227786086279252
91.0581735664599563
89.8475664173789426
89.5020083272670490
88.1559645698923333
87.7951172375121160
86.1465964676533531
85.9140837804289959
85.4685017942235277
85.8659999233642282
85.0588233001679015
84.1909812690311554
86.0486591173603159
86.5125931254533498
87.3286268530715972
87.1813874715006705
87.6435897582017276
86.8722472469834770
86.0223916357263079
86.7899158141606080
85.7651001314411303
86.0804765544693993
87.2595242334089960
88.4584908209658352
90.8043069343984826
91.9660585171287011
91.4772441926286461
90.4218848462703590
89.3255217252758200
88.9857596876854871
