0
0
0
0
52
100
6
2
102
200
12
7
152
299
16
11
203
399
23
18
252
499
29
23
303
599
34
27
354
700
40
33
405
800
45
37
455
899
49
43
506
1001
53
48
557
1099
61
52
607
1198
65
58
658
1297
69
64
709
1398
73
70
760
1498
78
75
810
1598
83
80
858
1699
87
85
908
1797
94
90
960
1896
100
94
1010
1995
102
99
1059
2094
108
105
1108
2192
114
108
1159
2293
119
114
1207
2391
122
121
1256
2492
128
124
1307
2591
135
128
1356
2693
139
132
1406
2794
144
138
1457
2894
150
144
1507
2993
156
147
1556
3093
161
150
1606
3192
168
155
1656
3292
172
160
1706
3391
177
164
1757
3490
183
171
1807
3590
190
176
1857
3690
196
181
1907
3790
201
184
1958
3890
206
190
2008
3991
210
196
2058
4090
215
200
2107
4186
220
204
2158
4285
224
208
2209
4385
229
211
2260
4483
234
216
2307
4583
237
222
2357
4682
241
228
2406
4783
248
233
2456
4884
254
238
2504
4983
259
243
2555
5082
264
249
2605
5181
269
253
2655
5279
274
259
2705
5378
280
265
2756
5479
285
269
2805
5579
289
275
2855
5678
294
278
2906
5777
300
284
2957
5876
305
286
3008
5975
310
292
3057
6074
316
297
3107
6175
320
302
3157
6274
324
307
3208
6376
328
312
3259
6476
331
316
3308
6576
335
321
3357
6677
338
326
3408
6777
344
331
3458
6877
350
336
3507
6978
353
341
3557
7076
358
346
3606
7175
363
354
3657
7276
369
359
3709
7378
375
363
3761
7478
380
369
3811
7578
385
373
3863
7677
389
377
3912
7778
396
382
3961
7877
399
389
4011
7979
405
395
4062
8078
411
400
4113
8177
418
404
4163
8278
423
411
4213
8377
425
415
4263
8477
428
419
4314
8576
435
423
4365
8676
439
429
4414
8776
444
431
4462
8877
448
436
4513
8976
453
441
4566
9075
458
447
4616
9175
464
450
4666
9274
468
454
4716
9376
472
458
4766
9476
476
463
4818
9573
482
468
4868
9674
486
471
4919
9775
492
477
4968
9878
496
481
5019
9977
501
486
5068
10075
507
491
5117
10174
513
495
5167
10275
517
501
5218
10378
523
506
5267
10477
529
510
5317
10578
534
516
5367
10680
539
522
5417
10781
545
527
5467
10881
548
531
5517
10980
554
534
5565
11079
559
537
5615
11180
562
541
5666
11279
568
546
5716
11379
573
552
5767
11478
577
558
5815
11578
582
564
5867
11678
586
568
5918
11780
591
574
5965
11879
596
578
6016
11979
602
584
6064
12080
606
591
6113
12179
611
597
6165
12279
616
602
6215
12379
620
606
6264
12477
625
612
6315
12578
629
616
6363
12677
636
622
6413
12776
640
626
6461
12876
643
633
6509
12974
648
640
6560
13076
654
645
6610
13176
660
651
6661
13276
664
656
6710
13375
669
661
6760
13476
675
667
6810
13575
679
672
6859
13676
685
679
6909
13776
689
684
6960
13878
695
689
7009
13980
700
693
7060
14079
705
697
7112
14180
709
701
7160
14280
714
705
7210
14381
718
710
7260
14482
722
715
7311
14581
727
720
7360
14682
732
724
7410
14782
736
729
7460
14883
741
735
7511
14981
744
738
7560
15080
747
743
7610
15180
753
749
7659
15281
758
755
7710
15382
763
760
7761
15484
767
765
7812
15585
772
769
7863
15683
778
774
7913
15782
783
779
7964
15881
785
785
8012
15980
790
791
8061
16081
796
796
8111
16182
800
800
8162
16282
806
805
8213
16382
808
809
8263
16480
812
813
8310
16581
815
817
8361
16683
819
823
8413
16784
826
829
8463
16883
832
833
8512
16985
837
839
8562
17085
841
842
8612
17185
845
846
8662
17286
851
852
8713
17385
856
858
8763
17484
861
863
8812
17582
867
867
8860
17682
872
872
8910
17783
876
877
8959
17883
882
881
9009
17983
888
884
9060
18084
894
889
9109
18183
898
895
9159
18283
902
898
9210
18383
906
903
9260
18481
911
909
9311
18581
914
913
9361
18680
918
918
9411
18781
922
924
9459
18881
926
928
9508
18980
929
933
9559
19079
934
938
9612
19179
939
944
9663
19279
944
948
9713
19378
950
953
9764
19476
954
958
9814
19575
960
963
9863
19675
965
968
9911
19775
970
974
9960
19874
975
979
10011
19974
980
984
10062
20075
984
989
10113
20174
987
992
10163
20274
994
998
10213
20374
998
1000
10261
20474
1004
1000
10310
20572
1009
1000
10362
20672
1015
1000
10413
20770
1020
1000
10463
20870
1025
1000
10514
20971
1029
1000
10564
21073
1034
1000
10615
21173
1041
1000
10666
21273
1046
1000
10716
21374
1051
1000
10765
21475
1056
1000
10816
21574
1062
1000
10866
21673
1067
1000
10917
21773
1072
1000
10967
21873
1077
1000
11016
21973
1082
1000
11066
22074
1089
1000
11116
22173
1095
1000
11167
22274
1100
1000
11218
22372
1104
1000
11267
22472
1109
1000
11318
22571
1113
1000
11368
22671
1117
1000
11418
22771
1123
1000
11468
22870
1129
1000
11517
22969
1134
1000
11566
23070
1138
1000
11615
23171
1143
1000
11665
23269
1150
1000
11713
23368
1155
1000
11764
23468
1158
1000
11814
23568
1163
1000
11863
23668
1168
1000
11913
23767
1173
1000
11963
23867
1179
1000
12013
23966
1183
1000
12062
24065
1188
1000
12111
24166
1192
1000
12160
24267
1199
1000
12209
24368
1204
1000
12260
24468
1210
1000
12310
24568
1215
1000
12361
24667
1221
1000
12410
24768
1227
1000
12459
24869
1232
1000
12509
24969
1237
1000
12559
25067
1241
1000
12608
25167
1246
1000
12656
25267
1251
1000
12706
25367
1255
1000
12756
25466
1259
1000
12806
25568
1265
1000
12857
25668
1270
1000
12907
25767
1276
1000
12958
25866
1280
1000
13008
25966
1287
1000
13059
26066
1292
1000
13110
26164
1296
1000
13159
26265
1302
1000
13207
26363
1307
1000
13257
26462
1314
1000
13308
26563
1319
1000
13358
26664
1325
1000
13408
26762
1331
1000
13461
26864
1338
1000
13510
26966
1341
1000
13561
27065
1346
1000
13610
27167
1349
1000
13659
27265
1353
1000
13707
27366
1360
1000
13758
27464
1364
1000
13808
27564
1369
1000
13859
27665
1375
1000
13908
27765
1381
1000
13956
27863
1384
1000
14006
27962
1388
1000
14059
28062
1392
1000
14111
28163
1397
1000
14161
28264
1402
1000
14211
28365
1406
1000
14262
28464
1409
1000
14310
28564
1415
1000
14359
28664
1421
1000
14410
28764
1426
1000
14460
28864
1431
1000
14512
28965
1437
1000
14561
29065
1440
1000
14611
29164
1447
1000
14660
29264
1452
1000
14708
29364
1457
1000
14758
29464
1461
1000
14811
29563
1466
1000
14861
29662
1472
1000
14910
29762
1478
1000
14960
29863
1482
1000
15012
29964
1487
1000
15062
30063
1491
1000
15115
30164
1496
1000
15163
30263
1502
1000
15213
30364
1506
1000
15263
30464
1512
1000
15313
30563
1516
1000
15366
30662
1522
1000
15416
30763
1527
1000
15466
30862
1533
1000
15516
30964
1538
1000
15567
31066
1543
1000
15616
31165
1547
1000
15667
31265
1553
1000
15717
31366
1554
1000
15768
31466
1560
1000
15817
31567
1565
1000
15865
31666
1571
1000
15915
31767
1575
1000
15965
31867
1580
1000
16016
31966
1585
1000
16065
32067
1591
1000
16114
32168
1596
1000
16164
32266
1601
1000
16214
32365
1604
1000
16263
32466
1610
1000
16311
32566
1614
1000
16362
32666
1620
1000
16410
32766
1627
1000
16460
32865
1631
1000
16511
32965
1636
1000
16560
33066
1641
1000
16609
33166
1644
1000
16659
33267
1650
1000
16708
33364
1655
1000
16758
33464
1660
1000
16810
33566
1662
1000
16860
33666
1666
1000
16911
33767
1672
1000
16961
33866
1678
1000
17009
33965
1682
1000
17060
34066
1687
1000
17111
34166
1692
1000
17162
34267
1697
1000
17213
34365
1704
1000
17260
34464
1710
1000
17308
34563
1716
1000
17358
34662
1723
1000
17408
34761
1729
1000
17459
34863
1734
1000
17509
34963
1739
1000
17560
35062
1745
1000
17613
35162
1749
1000
17662
35261
1755
1000
17712
35360
1760
1000
17763
35460
1765
1000
17812
35560
1769
1000
17863
35659
1773
1000
17913
35760
1779
1000
17965
35860
1783
1000
18016
35960
1789
1000
18065
36060
1794
1000
18118
36161
1799
1000
18168
36260
1804
1000
18217
36360
1808
1000
18266
36460
1814
1000
18317
36561
1819
1000
18367
36662
1826
1000
18418
36762
1830
1000
18469
36862
1834
1000
18518
36962
1841
1000
18566
37062
1846
1000
18618
37162
1850
1000
18669
37263
1854
1000
18719
37363
1857
1000
18769
37463
1863
1000
18818
37563
1868
1000
18869
37663
1872
1000
18918
37764
1876
1000
18967
37865
1883
1000
19015
37966
1888
1000
19066
38067
1892
1000
19116
38166
1897
1000
19166
38265
1904
1000
19217
38365
1909
1000
19266
38465
1913
1000
19317
38566
1917
1000
19367
38667
1921
1000
19417
38768
1928
1000
19469
38867
1934
1000
19521
38968
1939
1000
19570
39068
1943
1000
19620
39167
1946
1000
19670
39269
1951
1000
19721
39367
1955
1000
19771
39467
1959
1000
19822
39567
1964
1000
19871
39667
1969
1000
19921
39770
1973
1000
19972
39872
1976
1000
20022
39972
1981
1000
20072
40072
1986
1000
20124
40172
1989
1000
20174
40272
1993
1000
20223
40372
1997
1000
20272
40474
2002
1000
20322
40573
2005
1000
20372
40672
2011
1000
20424
40772
2016
1000
20474
40872
2022
1000
20522
40973
2027
1000
20572
41075
2032
1000
20622
41174
2038
1000
20671
41274
2043
1000
20722
41375
2049
1000
20771
41475
2055
1000
20821
41574
2060
1000
20871
41676
2067
1000
20919
41775
2071
1000
20970
41876
2076
1000
21020
41978
2081
1000
21070
42077
2087
1000
21119
42177
2092
1000
21168
42277
2099
1000
21219
42379
2105
1000
21270
42478
2111
1000
21318
42577
2116
1000
21368
42678
2122
1000
21419
42779
2129
1000
21470
42877
2134
1000
21520
42976
2140
1000
21571
43076
2146
1000
21622
43177
2151
1000
21672
43278
2155
1000
21724
43380
2161
1000
21774
43479
2166
1000
21823
43578
2169
1000
21872
43677
2175
1000
21922
43776
2178
1000
21971
43876
2183
1000
22021
43977
2187
1000
22070
44078
2191
1000
22119
44176
2196
1000
22169
44276
2201
1000
22219
44376
2206
1000
22270
44475
2211
1000
22318
44577
2215
1000
22368
44675
2221
1000
22417
44775
2226
1000
22467
44874
2230
1000
22517
44975
2233
1000
22567
45076
2238
1000
22618
45176
2243
1000
22669
45276
2248
1000
22719
45376
2253
1000
22770
45474
2258
1000
22822
45575
2263
1000
22870
45673
2267
1000
22921
45774
2273
1000
22971
45875
2277
1000
23022
45974
2282
1000
23071
46074
2288
1000
23120
46174
2293
1000
23170
46274
2298
1000
23219
46375
2303
1000
23270
46476
2307
1000
23318
46574
2312
1000
23369
46673
2316
1000
23418
46773
2321
1000
23467
46873
2329
1000
23519
46974
2334
1000
23568
47074
2340
1000
23618
47172
2344
1000
23667
47272
2349
1000
23719
47372
2353
1000
23770
47472
2357
1000
23819
47572
2363
1000
23870
47675
2366
1000
23919
47772
2372
1000
23970
47872
2377
1000
24021
47972
2382
1000
24070
48071
2387
1000
24119
48172
2393
1000
24167
48272
2398
1000
24217
48372
2402
1000
24268
48472
2407
1000
24316
48573
2412
1000
24366
48672
2416
1000
24414
48770
2420
1000
24463
48869
2424
1000
24514
48968
2429
1000
24564
49068
2436
1000
24614
49167
2441
1000
24665
49268
2447
1000
24714
49369
2452
1000
24765
49469
2459
1000
24815
49568
2464
1000
24867
49668
2470
1000
24918
49767
2475
1000
24969
49868
2480
1000
25018
49968
2484
1000
25068
50067
2489
1000
25117
50166
2494
1000
25167
50265
2499
1000
25218
50366
2505
1000
25268
50467
2511
1000
25319
50568
2517
1000
25368
50667
2523
1000
25418
50765
2529
1000
25467
50865
2534
1000
25517
50964
2537
1000
25566
51062
2544
1000
25617
51162
2549
1000
25668
51262
2555
1000
25718
51364
2559
1000
25766
51464
2566
1000
25817
51565
2569
1000
25867
51665
2575
1000
25916
51765
2580
1000
25966
51866
2583
1000
26017
51965
2589
1000
26067
52065
2594
1000
26115
52164
2600
1000
26164
52265
2604
1000
26214
52368
2608
1000
26262
52467
2613
1000
26313
52567
2616
1000
26363
52668
2621
1000
26414
52768
2626
1000
26464
52868
2632
1000
26514
52968
2638
1000
26565
53068
2643
1000
26614
53168
2649
1000
26663
53269
2655
1000
26713
53370
2662
1000
26763
53470
2666
1000
26814
53572
2671
1000
26863
53672
2675
1000
26913
53772
2680
1000
26962
53873
2686
1000
27013
53974
2692
1000
27065
54075
2697
1000
27115
54175
2702
1000
27165
54275
2707
1000
27215
54374
2712
1000
27265
54472
2715
1000
27315
54573
2720
1000
27366
54673
2724
1000
27415
54774
2729
1000
27464
54874
2735
1000
27515
54975
2739
1000
27566
55075
2745
1000
27615
55177
2752
1000
27664
55277
2755
1000
27713
55377
2760
1000
27763
55478
2766
1000
27812
55576
2771
1000
27861
55678
2775
1000
27912
55778
2780
1000
27962
55879
2785
1000
28013
55979
2789
1000
28060
56080
2795
1000
28111
56179
2800
1000
28160
56278
2805
1000
28210
56378
2808
1000
28262
56478
2812
1000
28311
56577
2817
1000
28360
56677
2823
1000
28409
56776
2828
1000
28461
56874
2834
1000
28510
56974
2840
1000
28560
57075
2844
1000
28609
57173
2849
1000
28657
57273
2855
1000
28706
57375
2860
1000
28757
57474
2864
1000
28806
57574
2870
1000
28856
57673
2874
1000
28908
57774
2878
1000
28957
57874
2883
1000
29007
57973
2887
1000
29058
58073
2892
1000
29108
58173
2898
1000
29158
58274
2903
1000
29207
58374
2907
1000
29256
58475
2911
1000
29307
58575
2915
1000
29357
58677
2919
1000
29407
58777
2922
1000
29459
58877
2928
1000
29507
58977
2934
1000
29558
59076
2938
1000
29609
59175
2944
1000
29659
59278
2948
1000
29709
59377
2953
1000
29759
59478
2957
1000
29809
59578
2962
1000
29859
59677
2968
1000
29911
59778
2973
1000
29961
59879
2977
1000
30012
59979
2982
1000
30062
60078
2985
1000
30111
60177
2989
1000
30160
60275
2993
1000
30211
60376
2999
1000
30262
60476
3005
1000
30314
60575
3009
1000
30363
60675
3014
1000
30413
60774
3020
1000
30464
60875
3029
1000
30512
60975
3032
1000
30563
61075
3036
1000
30612
61174
3041
1000
30664
61272
3046
1000
30712
61374
3052
1000
30762
61474
3057
1000
30811
61575
3062
1000
30860
61675
3066
1000
30909
61774
3072
1000
30959
61875
3079
1000
31010
61976
3083
1000
31060
62075
3088
1000
31111
62176
3092
1000
31161
62275
3097
1000
31210
62375
3101
1000
31260
62476
3106
1000
31312
62577
3111
1000
31361
62678
3116
1000
31413
62778
3119
1000
31461
62877
3123
1000
31511
62977
3128
1000
31559
63076
3132
1000
31608
63178
3137
1000
31658
63278
3142
1000
31707
63378
3147
1000
31758
63476
3152
1000
31808
63577
3158
1000
31859
63677
3161
1000
31909
63776
3165
1000
31957
63878
3170
1000
32009
63978
3174
1000
32059
64080
3179
1000
32110
64181
3186
1000
32161
64280
3191
1000
32210
64381
3196
1000
32260
64480
3203
1000
32309
64580
3206
1000
32359
64680
3210
1000
32411
64781
3214
1000
32459
64881
3219
1000
32510
64980
3225
1000
32560
65081
3233
1000
32611
65181
3237
1000
32661
65281
3244
1000
32710
65379
3248
1000
32760
65481
3253
1000
32809
65580
3257
1000
32859
65679
3260
1000
32908
65780
3267
1000
32958
65879
3272
1000
33008
65979
3277
1000
33056
66079
3282
1000
33106
66180
3287
1000
33154
66280
3294
1000
33205
66381
3298
1000
33254
66481
3303
1000
33304
66581
3310
1000
33355
66681
3314
1000
33405
66781
3319
1000
33456
66881
3325
1000
33508
66981
3331
1000
33560
67081
3336
1000
33609
67180
3341
1000
33659
67279
3347
1000
33711
67379
3351
1000
33762
67480
3356
1000
33813
67579
3362
1000
33862
67680
3368
1000
33912
67781
3372
1000
33959
67882
3379
1000
34010
67982
3383
1000
34060
68084
3389
1000
34109
68184
3396
1000
34160
68288
3400
1000
34209
68387
3404
1000
34261
68486
3408
1000
34312
68587
3413
1000
34363
68688
3419
1000
34413
68787
3424
1000
34463
68885
3429
1000
34512
68986
3433
1000
34564
69087
3438
1000
34613
69187
3442
1000
34662
69286
3447
1000
34713
69387
3452
1000
34762
69487
3456
1000
34812
69585
3459
1000
34863
69686
3467
1000
34912
69787
3473
1000
34961
69887
3477
1000
35012
69988
3483
1000
35062
70088
3488
1000
35110
70188
3493
1000
35159
70286
3498
1000
35208
70387
3503
1000
35257
70488
3509
1000
35307
70588
3513
1000
35357
70690
3518
1000
35406
70789
3523
1000
35455
70889
3529
1000
35505
70988
3534
1000
35554
71088
3541
1000
35604
71186
3547
1000
35655
71286
3553
1000
35705
71387
3558
1000
35755
71487
3563
1000
35805
71586
3568
1000
35855
71687
3571
1000
35905
71787
3576
1000
35956
71887
3580
1000
36007
71988
3586
1000
36057
72088
3591
1000
36107
72187
3597
1000
36155
72289
3604
1000
36203
72389
3610
1000
36252
72490
3616
1000
36301
72589
3619
1000
36353
72690
3623
1000
36402
72790
3627
1000
36452
72889
3632
1000
36499
72988
3637
1000
36549
73089
3642
1000
36597
73190
3646
1000
36645
73290
3651
1000
36696
73388
3657
1000
36746
73490
3664
1000
36796
73592
3669
1000
36848
73690
3674
1000
36898
73791
3679
1000
36947
73890
3685
1000
36995
73991
3688
1000
37046
74090
3692
1000
37096
74191
3697
1000
37145
74291
3702
1000
37194
74392
3707
1000
37244
74491
3712
1000
37294
74589
3716
1000
37345
74691
3722
1000
37394
74790
3725
1000
37444
74891
3730
1000
37493
74991
3735
1000
37544
75091
3740
1000
37594
75192
3744
1000
37643
75293
3750
1000
37695
75391
3757
1000
37745
75492
3763
1000
37797
75592
3767
1000
37847
75691
3772
1000
37897
75791
3778
1000
37947
75891
3784
1000
37997
75990
3787
1000
38048
76091
3792
1000
38099
76192
3798
1000
38148
76291
3804
1000
38198
76389
3808
1000
38249
76488
3814
1000
38299
76588
3819
1000
38348
76688
3823
1000
38397
76789
3830
1000
38448
76888
3834
1000
38497
76987
3838
1000
38547
77087
3843
1000
38596
77186
3849
1000
38644
77287
3854
1000
38695
77388
3858
1000
38745
77489
3863
1000
38796
77588
3867
1000
38848
77688
3872
1000
38898
77788
3880
1000
38947
77889
3884
1000
38999
77991
3889
1000
39049
78091
3892
1000
39096
78192
3897
1000
39145
78291
3901
1000
39195
78392
3906
1000
39245
78491
3910
1000
39297
78591
3914
1000
39346
78691
3919
1000
39396
78791
3922
1000
39447
78892
3927
1000
39498
78990
3931
1000
39549
79092
3934
1000
39599
79193
3941
1000
39648
79291
3946
1000
39699
79392
3950
1000
39747
79492
3954
1000
39798
79591
3958
1000
39848
79691
3963
1000
39896
79789
3967
1000
39948
79889
3971
1000
39997
79991
3975
1000
40044
80091
3979
1000
40094
80191
3985
1000
40142
80291
3992
1000
40192
80390
3997
1000
40244
80490
4001
1000
40294
80589
4005
1000
40345
80689
4010
1000
40395
80790
4015
1000
40445
80888
4021
1000
40494
80987
4026
1000
40544
81087
4031
1000
40593
81188
4037
1000
40643
81287
4042
1000
40694
81386
4047
1000
40743
81488
4052
1000
40792
81589
4057
1000
40844
81689
4062
1000
40894
81786
4068
1000
40945
81887
4073
1000
40995
81988
4077
1000
41048
82088
4084
1000
41097
82188
4089
1000
41147
82288
4092
1000
41198
82388
4096
1000
41249
82487
4101
1000
41298
82588
4106
1000
41348
82689
4110
1000
41398
82789
4116
1000
41448
82890
4121
1000
41500
82991
4125
1000
41551
83092
4130
1000
41603
83191
4134
1000
41653
83291
4140
1000
41704
83391
4144
1000
41753
83491
4147
1000
41804
83588
4151
1000
41853
83688
4157
1000
41903
83789
4162
1000
41952
83889
4167
1000
42002
83990
4172
1000
42051
84089
4177
1000
42100
84188
4181
1000
42147
84288
4184
1000
42197
84387
4190
1000
42247
84486
4196
1000
42299
84585
4201
1000
42350
84685
4205
1000
42402
84783
4209
1000
42453
84882
4216
1000
42503
84980
4222
1000
42551
85079
4228
1000
42602
85178
4233
1000
42651
85276
4240
1000
42701
85377
4245
1000
42751
85476
4248
1000
42802
85577
4253
1000
42851
85678
4257
1000
42901
85777
4262
1000
42950
85878
4268
1000
42999
85980
4273
1000
43048
86080
4280
1000
43098
86180
4286
1000
43149
86280
4292
1000
43201
86380
4298
1000
43251
86479
4303
1000
43300
86579
4308
1000
43350
86679
4312
1000
43400
86778
4317
1000
43450
86877
4320
1000
43500
86976
4327
1000
43549
87078
4331
1000
43600
87178
4336
1000
43651
87279
4341
1000
43701
87380
4346
1000
43752
87479
4350
1000
43802
87577
4353
1000
43852
87677
4358
1000
43903
87776
4364
1000
43952
87876
4370
1000
44001
87974
4377
1000
44051
88074
4381
1000
44100
88174
4386
1000
44152
88275
4392
1000
44201
88376
4398
1000
44252
88476
4403
1000
44301
88577
4409
1000
44350
88677
4415
1000
44401
88778
4419
1000
44449
88879
4423
1000
44498
88979
4427
1000
44548
89082
4433
1000
44600
89182
4437
1000
44651
89283
4442
1000
44701
89382
4447
1000
44750
89480
4453
1000
44800
89582
4458
1000
44851
89682
4461
1000
44900
89784
4466
1000
44951
89885
4472
1000
45002
89984
4477
1000
45052
90085
4482
1000
45101
90186
4486
1000
45153
90287
4492
1000
45203
90386
4497
1000
45252
90486
4501
1000
45301
90588
4507
1000
45351
90687
4512
1000
45402
90786
4519
1000
45451
90886
4525
1000
45501
90986
4530
1000
45550
91088
4533
1000
45599
91188
4538
1000
45649
91289
4543
1000
45698
91388
4548
1000
45748
91487
4553
1000
45798
91587
4559
1000
45848
91687
4565
1000
45899
91787
4570
1000
45948
91887
4575
1000
45998
91989
4579
1000
46049
92088
4585
1000
46099
92189
4591
1000
46148
92289
4595
1000
46198
92391
4598
1000
46249
92489
4603
1000
46299
92589
4607
1000
46349
92689
4613
1000
46401
92791
4617
1000
46450
92891
4622
1000
46500
92991
4626
1000
46550
93091
4632
1000
46600
93190
4636
1000
46651
93290
4641
1000
46703
93390
4647
1000
46754
93491
4651
1000
46804
93591
4656
1000
46854
93690
4660
1000
46905
93792
4665
1000
46953
93892
4671
1000
47002
93992
4677
1000
47052
94091
4683
1000
47102
94191
4689
1000
47152
94290
4696
1000
47202
94392
4700
1000
47253
94493
4706
1000
47302
94593
4710
1000
47351
94692
4713
1000
47401
94789
4719
1000
47451
94889
4724
1000
47501
94988
4730
1000
47551
95087
4737
1000
47602
95189
4742
1000
47650
95289
4747
1000
47699
95388
4753
1000
47750
95487
4757
1000
47802
95587
4762
1000
47853
95686
4767
1000
47904
95785
4772
1000
47953
95886
4777
1000
48005
95986
4783
1000
48054
96084
4787
1000
48105
96184
4791
1000
48157
96283
4796
1000
48208
96385
4801
1000
48257
96485
4805
1000
48306
96585
4812
1000
48356
96686
4818
1000
48406
96788
4822
1000
48457
96887
4827
1000
48506
96988
4835
1000
48557
97088
4840
1000
48607
97189
4844
1000
48656
97289
4849
1000
48705
97389
4854
1000
48754
97488
4860
1000
48804
97587
4866
1000
48854
97688
4870
1000
48904
97789
4875
1000
48954
97889
4882
1000
49004
97989
4887
1000
49056
98092
4892
1000
49105
98193
4896
1000
49157
98296
4901
1000
49207
98396
4905
1000
49258
98495
4910
1000
49307
98595
4914
1000
49359
98694
4918
1000
49407
98796
4923
1000
49458
98897
4930
1000
49506
98996
4936
1000
49556
99097
4940
1000
49608
99197
4944
1000
49659
99299
4949
1000
49708
99399
4954
1000
49759
99497
4958
1000
49809
99596
4962
1000
49859
99697
4969
1000
49910
99795
4973
1000
49960
99895
4978
1000
50011
99995
4982
1000
50062
100097
4986
1000
50113
100197
4992
1000
50161
100296
4997
1000
50209
100396
5002
1000
50257
100494
5007
1000
50305
100594
5013
1000
50355
100695
5017
1000
50406
100793
5022
1000
50457
100894
5026
1000
50509
100994
5031
1000
50557
101093
5036
1000
50608
101192
5040
1000
50659
101292
5047
1000
50709
101391
5051
1000
50760
101490
5057
1000
50810
101590
5062
1000
50860
101690
5066
1000
50910
101791
5071
1000
50960
101892
5076
1000
51011
101992
5080
1000
51061
102092
5085
1000
51112
102192
5090
1000
51163
102291
5096
1000
51214
102391
5099
1000
51264
102490
5104
1000
51312
102591
5111
1000
51362
102690
5115
1000
51412
102792
5119
1000
51462
102891
5124
1000
51511
102993
5128
1000
51562
103094
5133
1000
51613
103192
5139
1000
51664
103293
5145
1000
51714
103393
5149
1000
51763
103494
5155
1000
51811
103594
5161
1000
51860
103695
5165
1000
51909
103796
5170
1000
51960
103896
5177
1000
52009
103997
5181
1000
52061
104097
5187
1000
52111
104198
5190
1000
52160
104298
5195
1000
52209
104398
5201
1000
52258
104500
5207
1000
52308
104599
5209
1000
52358
104699
5213
1000
52407
104798
5219
1000
52457
104899
5226
1000
52509
105001
5230
1000
52557
105102
5236
1000
52607
105202
5242
1000
52656
105303
5247
1000
52705
105404
5251
1000
52753
105505
5255
1000
52803
105605
5260
1000
52852
105705
5264
1000
52900
105806
5269
1000
52948
105907
5273
1000
52998
106007
5278
1000
53049
106106
5282
1000
53100
106206
5287
1000
53151
106307
5293
1000
53201
106407
5298
1000
53251
106509
5302
1000
53300
106611
5307
1000
53349
106712
5312
1000
53399
106812
5317
1000
53447
106911
5323
1000
53497
107011
5327
1000
53546
107112
5332
1000
53598
107211
5337
1000
53648
107311
5343
1000
53696
107410
5348
1000
53748
107510
5352
1000
53797
107611
5358
1000
53846
107710
5365
1000
53897
107811
5369
1000
53948
107909
5376
1000
54001
108009
5381
1000
54052
108109
5387
1000
54104
108210
5392
1000
54155
108311
5397
1000
54206
108413
5402
1000
54254
108513
5406
1000
54305
108613
5409
1000
54357
108713
5413
1000
54406
108812
5420
1000
54457
108910
5423
1000
54507
109009
5428
1000
54557
109110
5433
1000
54605
109208
5439
1000
54654
109307
5446
1000
54703
109407
5452
1000
54753
109506
5456
1000
54802
109605
5462
1000
54853
109706
5468
1000
54901
109806
5474
1000
54950
109906
5479
1000
55000
110007
5484
1000
55050
110108
5489
1000
55100
110208
5494
1000
55151
110309
5498
1000
55202
110410
5504
1000
55251
110511
5508
1000
55302
110610
5513
1000
55350
110709
5519
1000
55401
110809
5525
1000
55450
110910
5528
1000
55500
111011
5533
1000
55550
111109
5539
1000
55600
111209
5544
1000
55650
111311
5550
1000
55701
111412
5555
1000
55750
111513
5560
1000
55800
111613
5564
1000
55850
111713
5568
1000
55900
111814
5572
1000
55951
111915
5576
1000
56001
112016
5582
1000
56052
112117
5587
1000
56100
112216
5592
1000
56149
112317
5598
1000
56198
112417
5602
1000
56248
112517
5606
1000
56299
112617
5611
1000
56349
112716
5616
1000
56400
112818
5619
1000
56451
112918
5623
1000
56501
113018
5627
1000
56551
113118
5631
1000
56600
113218
5637
1000
56649
113317
5643
1000
56700
113417
5648
1000
56751
113518
5653
1000
56800
113617
5657
1000
56848
113718
5663
1000
56900
113817
5668
1000
56952
113917
5673
1000
57000
114016
5679
1000
57049
114116
5683
1000
57098
114218
5688
1000
57149
114318
5694
1000
57199
114419
5698
1000
57250
114519
5703
1000
57299
114620
5709
1000
57350
114720
5713
1000
57399
114822
5718
1000
57448
114921
5723
1000
57498
115022
5728
1000
57546
115121
5732
1000
57596
115222
5736
1000
57644
115322
5740
1000
57695
115422
5745
1000
57745
115524
5750
1000
57796
115626
5754
1000
57845
115725
5760
1000
57893
115826
5765
1000
57944
115927
5771
1000
57995
116026
5776
1000
58046
116126
5782
1000
58094
116225
5788
1000
58145
116326
5793
1000
58193
116426
5798
1000
58241
116525
5802
1000
58293
116624
5807
1000
58344
116722
5811
1000
58392
116821
5817
1000
58441
116923
5822
1000
58492
117023
5828
1000
58542
117122
5833
1000
58591
117221
5837
1000
58642
117320
5842
1000
58691
117422
5845
1000
58742
117523
5851
1000
58793
117620
5855
1000
58844
117720
5861
1000
58893
117822
5867
1000
58943
117922
5872
1000
58994
118022
5879
1000
59046
118123
5886
1000
59094
118222
5892
1000
59144
118321
5897
1000
59195
118423
5901
1000
59246
118522
5907
1000
59296
118621
5913
1000
59345
118720
5918
1000
59397
118821
5923
1000
59446
118923
5926
1000
59496
119024
5931
1000
59544
119122
5936
1000
59595
119222
5942
1000
59644
119322
5948
1000
59693
119420
5954
1000
59743
119520
5957
1000
59792
119618
5960
1000
59843
119716
5965
1000
59894
119815
5970
1000
59944
119916
5975
1000
59994
120014
5982
1000
60043
120114
5989
1000
60093
120214
5994
1000
60143
120313
5996
1000
60192
120413
6002
1000
60244
120512
6006
1000
60294
120612
6008
1000
60344
120712
6013
1000
60395
120811
6018
1000
60446
120912
6022
1000
60497
121011
6029
1000
60547
121111
6035
1000
60597
121210
6040
1000
60646
121310
6045
1000
60696
121411
6051
1000
60746
121511
6054
1000
60795
121611
6059
1000
60845
121709
6065
1000
60895
121809
6071
1000
60945
121909
6075
1000
60995
122009
6079
1000
61044
122110
6084
1000
61093
122211
6089
1000
61144
122312
6094
1000
61193
122412
6099
1000
61245
122512
6105
1000
61294
122613
6111
1000
61344
122711
6116
1000
61392
122810
6120
1000
61442
122911
6126
1000
61493
123011
6131
1000
61545
123109
6135
1000
61594
123208
6140
1000
61642
123306
6142
1000
61691
123406
6147
1000
61742
123507
6153
1000
61793
123608
6159
1000
61843
123707
6162
1000
61892
123807
6166
1000
61943
123908
6169
1000
61992
124009
6175
1000
62044
124109
6181
1000
62093
124208
6186
1000
62142
124308
6192
1000
62192
124409
6197
1000
62241
124509
6202
1000
62293
124609
6209
1000
62343
124710
6213
1000
62394
124810
6217
1000
62444
124911
6222
1000
62492
125012
6227
1000
62541
125112
6232
1000
62592
125212
6236
1000
62642
125314
6240
1000
62692
125414
6245
1000
62743
125515
6250
1000
62794
125616
6256
1000
62845
125715
6262
1000
62896
125815
6267
1000
62945
125915
6271
1000
62993
126014
6276
1000
63043
126114
6279
1000
63092
126214
6286
1000
63142
126314
6290
1000
63193
126414
6294
1000
63242
126512
6301
1000
63291
126614
6306
1000
63340
126714
6311
1000
63390
126813
6315
1000
63440
126913
6320
1000
63489
127014
6326
1000
63538
127113
6333
1000
63589
127212
6338
1000
63639
127311
6342
1000
63689
127411
6348
1000
63739
127510
6353
1000
63789
127611
6358
1000
63838
127709
6363
1000
63889
127809
6367
1000
63939
127910
6372
1000
63990
128012
6376
1000
64039
128112
6381
1000
64088
128212
6387
1000
64139
128314
6392
1000
64188
128413
6397
1000
64239
128514
6401
1000
64289
128612
6407
1000
64339
128712
6413
1000
64389
128813
6419
1000
64438
128911
6426
1000
64485
129010
6430
1000
64534
129111
6437
1000
64585
129211
6442
1000
64636
129311
6447
1000
64686
129410
6451
1000
64735
129508
6458
1000
64786
129609
6462
1000
64836
129709
6468
1000
64885
129809
6474
1000
64936
129908
6481
1000
64986
130008
6485
1000
65035
130107
6489
1000
65087
130207
6495
1000
65137
130310
6498
1000
65188
130409
6502
1000
65238
130510
6508
1000
65287
130607
6511
1000
65338
130707
6517
1000
65389
130806
6521
1000
65439
130907
6526
1000
65490
131008
6532
1000
65540
131108
6537
1000
65592
131209
6541
1000
65640
131309
6545
1000
65692
131410
6551
1000
65742
131508
6558
1000
65790
131608
6562
1000
65840
131709
6566
1000
65890
131808
6572
1000
65940
131909
6576
1000
65990
132010
6581
1000
66040
132111
6585
1000
66093
132209
6590
1000
66142
132310
6594
1000
66192
132408
6601
1000
66242
132507
6605
1000
66291
132605
6608
1000
66341
132705
6613
1000
66390
132806
6619
1000
66439
132907
6627
1000
66488
133006
6633
1000
66540
133107
6640
1000
66590
133208
6646
1000
66640
133309
6652
1000
66691
133409
6659
1000
66741
133509
6664
1000
66790
133608
6670
1000
66840
133709
6675
1000
66890
133810
6680
1000
66941
133910
6686
1000
66991
134009
6691
1000
67042
134107
6698
1000
67091
134209
6705
1000
67141
134310
6711
1000
67190
134411
6713
1000
67239
134510
6718
1000
67290
134611
6722
1000
67339
134711
6728
1000
67389
134811
6733
1000
67440
134912
6737
1000
67487
135012
6742
1000
67537
135112
6745
1000
67587
135211
6749
1000
67637
135311
6755
1000
67686
135411
6762
1000
67736
135512
6766
1000
67786
135612
6772
1000
67836
135715
6777
1000
67886
135815
6782
1000
67935
135915
6787
1000
67984
136015
6789
1000
68033
136115
6795
1000
68081
136215
6799
1000
68130
136315
6805
1000
68178
136413
6810
1000
68229
136512
6815
1000
68278
136612
6819
1000
68326
136713
6824
1000
68379
136811
6830
1000
68429
136909
6835
1000
68477
137009
6840
1000
68529
137107
6843
1000
68578
137206
6849
1000
68627
137306
6853
1000
68675
137406
6856
1000
68724
137506
6860
1000
68776
137604
6864
1000
68826
137705
6869
1000
68878
137804
6875
1000
68928
137904
6878
1000
68978
138004
6883
1000
69030
138105
6888
1000
69079
138206
6892
1000
69130
138307
6896
1000
69179
138407
6903
1000
69228
138508
6908
1000
69278
138608
6914
1000
69327
138709
6917
1000
69377
138807
6923
1000
69428
138907
6928
1000
69478
139007
6932
1000
69529
139108
6936
1000
69580
139207
6940
1000
69630
139306
6945
1000
69681
139406
6949
1000
69731
139506
6954
1000
69781
139606
6959
1000
69831
139705
6964
1000
69881
139805
6968
1000
69930
139905
6974
1000
69981
140004
6981
1000
70030
140104
6987
1000
70081
140202
6993
1000
70131
140302
6997
1000
70180
140402
7003
1000
70230
140503
7009
1000
70279
140605
7014
1000
70329
140706
7018
1000
70379
140806
7023
1000
70429
140906
7030
1000
70482
141007
7036
1000
70531
141107
7042
1000
70580
141208
7049
1000
70631
141307
7056
1000
70680
141406
7061
1000
70731
141507
7067
1000
70781
141608
7071
1000
70832
141708
7077
1000
70883
141808
7080
1000
70933
141908
7084
1000
70984
142007
7089
1000
71033
142107
7093
1000
71083
142206
7098
1000
71134
142304
7105
1000
71185
142404
7109
1000
71234
142506
7114
1000
71285
142606
7119
1000
71334
142706
7124
1000
71383
142808
7127
1000
71433
142908
7132
1000
71484
143008
7137
1000
71532
143108
7141
1000
71583
143208
7147
1000
71632
143308
7152
1000
71682
143407
7158
1000
71734
143507
7162
1000
71783
143608
7167
1000
71833
143707
7174
1000
71883
143807
7180
1000
71933
143907
7185
1000
71980
144006
7191
1000
72030
144104
7198
1000
72080
144204
7204
1000
72128
144305
7205
1000
72176
144405
7209
1000
72225
144504
7214
1000
72277
144603
7219
1000
72328
144702
7223
1000
72378
144800
7230
1000
72428
144901
7234
1000
72478
145001
7238
1000
72528
145099
7244
1000
72578
145199
7251
1000
72626
145298
7255
1000
72676
145398
7259
1000
72725
145498
7265
1000
72776
145598
7267
1000
72825
145698
7272
1000
72874
145796
7276
1000
72926
145896
7282
1000
72976
145995
7287
1000
73026
146095
7293
1000
73075
146194
7296
1000
73125
146293
7302
1000
73176
146394
7307
1000
73227
146495
7311
1000
73276
146597
7318
1000
73325
146696
7322
1000
73374
146797
7328
1000
73424
146897
7334
1000
73473
146998
7338
1000
73524
147099
7342
1000
73575
147198
7347
1000
73625
147298
7355
1000
73675
147398
7360
1000
73726
147497
7364
1000
73776
147597
7370
1000
73825
147699
7375
1000
73876
147799
7381
1000
73926
147899
7385
1000
73976
147998
7389
1000
74025
148097
7394
1000
74075
148198
7399
1000
74125
148299
7405
1000
74175
148399
7411
1000
74224
148499
7417
1000
74275
148600
7422
1000
74324
148702
7426
1000
74373
148802
7430
1000
74423
148901
7435
1000
74473
149003
7439
1000
74523
149105
7445
1000
74573
149203
7449
1000
74624
149304
7455
1000
74674
149403
7460
1000
74725
149504
7466
1000
74774
149603
7470
1000
74824
149703
7475
1000
74873
149802
7478
1000
74923
149904
7483
1000
74973
150005
7489
1000
75022
150105
7494
1000
75072
150205
7497
1000
75121
150304
7503
1000
75171
150405
7508
1000
75220
150504
7513
1000
75271
150603
7518
1000
75325
150702
7523
1000
75374
150803
7528
1000
75424
150905
7534
1000
75473
151006
7539
1000
75523
151106
7543
1000
75574
151206
7548
1000
75624
151305
7550
1000
75674
151406
7557
1000
75724
151505
7562
1000
75775
151604
7568
1000
75823
151705
7574
1000
75873
151806
7578
1000
75923
151907
7582
1000
75973
152008
7587
1000
76024
152107
7592
1000
76073
152207
7597
1000
76122
152307
7600
1000
76174
152406
7604
1000
76225
152507
7609
1000
76277
152608
7616
1000
76326
152708
7620
1000
76376
152806
7625
1000
76424
152906
7629
1000
76477
153004
7634
1000
76527
153105
7640
1000
76577
153206
7644
1000
76628
153305
7649
1000
76679
153405
7655
1000
76727
153504
7658
1000
76779
153604
7664
1000
76829
153703
7669
1000
76879
153803
7674
1000
76929
153903
7680
1000
76978
154002
7687
1000
77029
154101
7692
1000
77082
154202
7697
1000
77133
154301
7703
1000
77182
154400
7708
1000
77233
154499
7713
1000
77282
154597
7718
1000
77332
154697
7722
1000
77382
154796
7726
1000
77433
154895
7732
1000
77484
154995
7737
1000
77535
155096
7742
1000
77586
155194
7747
1000
77637
155294
7753
1000
77687
155392
7757
1000
77738
155492
7762
1000
77788
155592
7766
1000
77841
155692
7771
1000
77891
155792
7777
1000
77942
155892
7783
1000
77993
155992
7788
1000
78043
156091
7793
1000
78093
156191
7798
1000
78144
156292
7804
1000
78194
156392
7811
1000
78246
156493
7815
1000
78296
156593
7819
1000
78346
156694
7825
1000
78393
156793
7831
1000
78443
156893
7835
1000
78493
156992
7841
1000
78543
157092
7846
1000
78593
157192
7851
1000
78644
157291
7857
1000
78694
157391
7860
1000
78744
157492
7865
1000
78795
157592
7868
1000
78845
157692
7873
1000
78896
157790
7878
1000
78946
157891
7882
1000
78996
157992
7888
1000
79047
158092
7892
1000
79098
158191
7898
1000
79147
158292
7904
1000
79197
158392
7908
1000
79246
158491
7913
1000
79296
158591
7917
1000
79346
158690
7919
1000
79397
158790
7923
1000
79447
158892
7929
1000
79499
158991
7935
1000
79549
159091
7939
1000
79597
159191
7944
1000
79647
159294
7949
1000
79697
159395
7954
1000
79746
159495
7958
1000
79796
159595
7963
1000
79845
159694
7968
1000
79894
159793
7973
1000
79946
159893
7978
1000
79997
159992
7983
1000
80046
160093
7988
1000
80097
160193
7992
1000
80146
160292
7998
1000
80196
160393
8004
1000
80248
160493
8009
1000
80298
160594
8013
1000
80348
160696
8017
1000
80398
160798
8021
1000
80447
160900
8028
1000
80497
160999
8033
1000
80546
161100
8038
1000
80596
161200
8045
1000
80647
161300
8051
1000
80697
161399
8057
1000
80746
161498
8062
1000
80797
161598
8066
1000
80846
161698
8072
1000
80897
161797
8077
1000
80946
161897
8081
1000
80996
161997
8088
1000
81046
162096
8093
1000
81096
162197
8097
1000
81147
162297
8103
1000
81197
162396
8106
1000
81248
162494
8111
1000
81297
162596
8115
1000
81345
162697
8120
1000
81395
162798
8126
1000
81446
162900
8129
1000
81497
163000
8136
1000
81548
163101
8139
1000
81600
163200
8144
1000
81648
163300
8149
1000
81697
163399
8155
1000
81747
163499
8161
1000
81797
163599
8167
1000
81845
163698
8173
1000
81896
163798
8177
1000
81947
163899
8184
1000
81996
164000
8190
1000
82046
164098
8194
1000
82096
164199
8201
1000
82145
164299
8205
1000
82195
164400
8209
1000
82244
164499
8214
1000
82293
164600
8219
1000
82342
164701
8222
1000
82392
164799
8226
1000
82440
164899
8231
1000
82490
164999
8235
1000
82541
165098
8240
1000
82590
165198
8247
1000
82641
165297
8251
1000
82692
165397
8254
1000
82743
165498
8260
1000
82795
165600
8265
1000
82846
165700
8269
1000
82895
165800
8274
1000
82944
165901
8280
1000
82993
166002
8286
1000
83043
166102
8290
1000
83094
166204
8295
1000
83144
166304
8298
1000
83193
166403
8303
1000
83241
166502
8308
1000
83290
166602
8310
1000
83341
166703
8315
1000
83391
166803
8321
1000
83441
166903
8327
1000
83490
167002
8332
1000
83541
167101
8337
1000
83590
167201
8342
1000
83641
167300
8348
1000
83692
167400
8352
1000
83742
167500
8355
1000
83793
167601
8359
1000
83843
167702
8365
1000
83894
167800
8370
1000
83944
167901
8375
1000
83994
168002
8379
1000
84045
168102
8384
1000
84096
168202
8389
1000
84146
168303
8394
1000
84196
168402
8399
1000
84247
168501
8403
1000
84299
168601
8408
1000
84349
168699
8411
1000
84398
168799
8416
1000
84447
168901
8420
1000
84497
169000
8426
1000
84547
169100
8431
1000
84596
169197
8437
1000
84647
169296
8444
1000
84696
169394
8449
1000
84747
169494
8454
1000
84795
169593
8458
1000
84845
169693
8466
1000
84894
169794
8473
1000
84945
169894
8476
1000
84996
169992
8481
1000
85046
170094
8487
1000
85094
170193
8492
1000
85143
170293
8496
1000
85194
170392
8502
1000
85244
170492
8507
1000
85295
170592
8513
1000
85346
170692
8516
1000
85396
170793
8522
1000
85446
170893
8527
1000
85496
170994
8534
1000
85544
171093
8538
1000
85593
171192
8542
1000
85643
171293
8548
1000
85692
171391
8553
1000
85741
171493
8559
1000
85792
171593
8562
1000
85842
171693
8567
1000
85893
171792
8572
1000
85944
171891
8577
1000
85994
171991
8583
1000
86043
172089
8587
1000
86094
172190
8591
1000
86142
172291
8597
1000
86191
172390
8601
1000
86242
172491
8606
1000
86290
172592
8611
1000
86340
172692
8615
1000
86390
172790
8622
1000
86438
172890
8627
1000
86487
172990
8632
1000
86537
173091
8638
1000
86588
173191
8643
1000
86637
173291
8648
1000
86688
173391
8655
1000
86738
173492
8660
1000
86789
173591
8665
1000
86839
173691
8669
1000
86890
173792
8675
1000
86940
173892
8680
1000
86991
173991
8685
1000
87041
174093
8690
1000
87091
174193
8696
1000
87141
174293
8702
1000
87192
174393
8705
1000
87241
174493
8712
1000
87291
174593
8717
1000
87342
174692
8721
1000
87392
174792
8726
1000
87443
174891
8732
1000
87492
174992
8736
1000
87542
175092
8741
1000
87593
175193
8745
1000
87642
175293
8750
1000
87693
175393
8755
1000
87741
175493
8760
1000
87791
175593
8766
1000
87841
175692
8771
1000
87891
175793
8776
1000
87940
175893
8782
1000
87991
175993
8788
1000
88043
176095
8793
1000
88093
176194
8797
1000
88143
176293
8803
1000
88191
176392
8808
1000
88240
176493
8813
1000
88289
176594
8816
1000
88340
176694
8820
1000
88388
176793
8827
1000
88436
176893
8832
1000
88487
176992
8837
1000
88537
177093
8842
1000
88586
177194
8846
1000
88637
177294
8851
1000
88688
177393
8855
1000
88738
177493
8861
1000
88790
177593
8866
1000
88841
177692
8871
1000
88890
177792
8877
1000
88940
177892
8882
1000
88990
177993
8887
1000
89037
178093
8892
1000
89087
178191
8897
1000
89138
178289
8900
1000
89189
178390
8905
1000
89238
178489
8910
1000
89289
178590
8913
1000
89339
178690
8917
1000
89390
178792
8922
1000
89441
178892
8928
1000
89491
178990
8933
1000
89542
179090
8938
1000
89593
179189
8942
1000
89643
179290
8948
1000
89696
179391
8952
1000
89745
179490
8958
1000
89794
179590
8964
1000
89844
179690
8968
1000
89895
179789
8974
1000
89946
179891
8980
1000
89998
179990
8984
1000
90048
180089
8989
1000
90098
180188
8994
1000
90146
180288
9001
1000
90198
180387
9004
1000
90247
180487
9008
1000
90298
180587
9014
1000
90349
180687
9019
1000
90400
180786
9025
1000
90448
180886
9030
1000
90498
180986
9037
1000
90549
181086
9041
1000
90599
181184
9046
1000
90649
181282
9051
1000
90700
181382
9058
1000
90750
181481
9062
1000
90799
181581
9069
1000
90849
181683
9075
1000
90898
181783
9081
1000
90949
181885
9087
1000
90997
181985
9091
1000
91047
182085
9096
1000
91097
182185
9102
1000
91146
182286
9107
1000
91196
182389
9113
1000
91246
182488
9116
1000
91296
182589
9120
1000
91346
182689
9124
1000
91396
182789
9131
1000
91447
182890
9138
1000
91498
182988
9143
1000
91548
183089
9146
1000
91598
183188
9150
1000
91648
183287
9157
1000
91697
183388
9163
1000
91744
183488
9167
1000
91793
183588
9172
1000
91844
183686
9176
1000
91893
183785
9180
1000
91943
183884
9186
1000
91993
183983
9192
1000
92043
184084
9197
1000
92092
184182
9201
1000
92143
184283
9206
1000
92193
184383
9212
1000
92244
184482
9217
1000
92294
184582
9224
1000
92342
184681
9228
1000
92391
184781
9233
1000
92441
184881
9237
1000
92490
184982
9242
1000
92540
185080
9245
1000
92590
185180
9250
1000
92640
185281
9255
1000
92690
185381
9259
1000
92740
185480
9266
1000
92789
185581
9271
1000
92838
185680
9275
1000
92888
185778
9281
1000
92939
185879
9285
1000
92990
185978
9291
1000
93041
186078
9297
1000
93090
186177
9303
1000
93140
186277
9309
1000
93190
186376
9314
1000
93239
186477
9319
1000
93290
186576
9323
1000
93340
186676
9327
1000
93390
186776
9332
1000
93441
186876
9338
1000
93490
186977
9343
1000
93540
187076
9347
1000
93591
187175
9353
1000
93642
187274
9357
1000
93692
187376
9363
1000
93742
187476
9368
1000
93792
187576
9371
1000
93842
187675
9376
1000
93892
187772
9381
1000
93943
187873
9386
1000
93994
187975
9390
1000
94044
188076
9396
1000
94093
188178
9402
1000
94144
188276
9410
1000
94195
188377
9416
1000
94245
188477
9421
1000
94294
188578
9427
1000
94343
188678
9431
1000
94393
188779
9435
1000
94445
188879
9439
1000
94494
188979
9443
1000
94545
189079
9447
1000
94594
189179
9450
1000
94644
189280
9455
1000
94693
189381
9459
1000
94745
189480
9465
1000
94795
189580
9467
1000
94847
189680
9471
1000
94897
189778
9479
1000
94946
189879
9484
1000
94996
189979
9491
1000
95046
190078
9495
1000
95096
190180
9500
1000
95147
190280
9506
1000
95199
190379
9511
1000
95249
190479
9518
1000
95297
190578
9523
1000
95347
190678
9526
1000
95399
190779
9532
1000
95449
190877
9538
1000
95500
190977
9541
1000
95550
191077
9548
1000
95601
191177
9553
1000
95651
191277
9559
1000
95703
191378
9563
1000
95754
191478
9566
1000
95803
191579
9570
1000
95854
191678
9576
1000
95905
191778
9581
1000
95955
191878
9586
1000
96005
191978
9593
1000
96054
192079
9598
1000
96104
192178
9602
1000
96155
192278
9608
1000
96206
192378
9612
1000
96257
192478
9617
1000
96306
192577
9621
1000
96355
192677
9626
1000
96404
192775
9631
1000
96454
192874
9636
1000
96504
192975
9642
1000
96555
193076
9647
1000
96603
193178
9651
1000
96652
193280
9657
1000
96701
193380
9661
1000
96752
193479
9666
1000
96802
193579
9670
1000
96852
193680
9676
1000
96903
193778
9682
1000
96952
193877
9689
1000
97001
193977
9695
1000
97052
194078
9701
1000
97102
194178
9706
1000
97149
194278
9712
1000
97199
194376
9716
1000
97248
194476
9721
1000
97298
194576
9726
1000
97348
194676
9730
1000
97398
194777
9736
1000
97449
194877
9741
1000
97500
194977
9746
1000
97550
195078
9752
1000
97601
195179
9756
1000
97651
195280
9763
1000
97700
195380
9770
1000
97749
195482
9774
1000
97802
195580
9779
1000
97851
195677
9784
1000
97902
195778
9789
1000
97951
195879
9794
1000
98002
195978
9799
1000
98052
196079
9804
1000
98102
196179
9807
1000
98153
196278
9813
1000
98203
196378
9818
1000
98252
196475
9823
1000
98302
196574
9829
1000
98350
196675
9834
1000
98400
196775
9838
1000
98450
196877
9842
1000
98500
196976
9847
1000
98548
197076
9852
1000
98597
197176
9857
1000
98648
197276
9861
1000
98699
197374
9868
1000
98750
197474
9872
1000
98799
197575
9877
1000
98851
197674
9883
1000
98901
197775
9887
1000
98951
197876
9891
1000
99001
197974
9896
1000
99050
198076
9900
1000
99100
198173
9905
1000
99150
198273
9910
1000
99199
198374
9913
1000
99249
198472
9919
1000
99298
198571
9926
1000
99350
198672
9932
1000
99401
198773
9939
1000
99453
198872
9944
1000
99501
198974
9949
1000
99550
199074
9955
1000
99600
199175
9961
1000
99649
199275
9966
1000
99702
199373
9973
1000
99752
199474
9978
1000
99803
199573
9983
1000
99852
199672
9986
1000
99901
199772
9991
1000
99951
199873
9997
1000
100001
199974
10001
1000
100050
200075
10004
1000
100099
200175
10009
1000
100148
200276
10014
1000
100199
200376
10019
1000
100248
200475
10026
1000
100297
200574
10031
1000
100348
200674
10039
1000
100399
200775
10044
1000
100448
200875
10050
1000
100498
200973
10056
1000
100548
201073
10063
1000
100597
201173
10067
1000
100648
201273
10073
1000
100698
201374
10078
1000
100750
201474
10083
1000
100801
201572
10087
1000
100852
201671
10093
1000
100903
201770
10098
1000
100953
201869
10103
1000
101003
201971
10110
1000
101052
202070
10114
1000
101102
202170
10119
1000
101153
202270
10124
1000
101203
202372
10129
1000
101252
202472
10133
1000
101303
202572
10138
1000
101354
202671
10141
1000
101405
202771
10145
1000
101455
202872
10150
1000
101506
202971
10156
1000
101556
203071
10162
1000
101604
203170
10167
1000
101654
203273
10172
1000
101705
203373
10178
1000
101753
203470
10182
1000
101804
203568
10185
1000
101854
203668
10188
1000
101905
203769
10193
1000
101955
203867
10200
1000
102006
203968
10205
1000
102055
204070
10208
1000
102107
204169
10216
1000
102156
204268
10223
1000
102208
204368
10227
1000
102257
204468
10232
1000
102308
204569
10237
1000
102358
204670
10242
1000
102409
204772
10249
1000
102458
204872
10256
1000
102507
204972
10260
1000
102558
205072
10264
1000
102609
205171
10269
1000
102661
205272
10274
1000
102711
205374
10279
1000
102761
205475
10283
1000
102811
205576
10288
1000
102862
205674
10292
1000
102912
205773
10296
1000
102962
205872
10301
1000
103013
205970
10306
1000
103062
206070
10312
1000
103112
206171
10315
1000
103160
206270
10319
1000
103210
206370
10323
1000
103261
206471
10327
1000
103311
206571
10332
1000
103362
206671
10337
1000
103412
206772
10343
1000
103463
206870
10347
1000
103514
206971
10354
1000
103566
207069
10361
1000
103617
207170
10366
1000
103666
207268
10371
1000
103717
207368
10376
1000
103766
207467
10381
1000
103816
207567
10386
1000
103867
207667
10392
1000
103916
207768
10396
1000
103966
207868
10402
1000
104015
207966
10407
1000
104065
208066
10412
1000
104114
208165
10417
1000
104165
208265
10421
1000
104214
208365
10426
1000
104266
208466
10432
1000
104317
208564
10437
1000
104366
208664
10444
1000
104417
208764
10447
1000
104466
208864
10452
1000
104516
208964
10456
1000
104567
209064
10461
1000
104616
209164
10467
1000
104665
209265
10472
1000
104714
209365
10477
1000
104762
209464
10483
1000
104813
209562
10489
1000
104864
209663
10494
1000
104914
209764
10499
1000
104965
209863
10503
1000
105014
209962
10508
1000
105063
210062
10512
1000
105113
210162
10516
1000
105161
210261
10520
1000
105212
210362
10527
1000
105263
210463
10532
1000
105312
210563
10538
1000
105361
210665
10543
1000
105411
210766
10547
1000
105461
210866
10551
1000
105510
210964
10557
1000
105561
211064
10563
1000
105611
211162
10567
1000
105660
211262
10572
1000
105710
211363
10576
1000
105761
211462
10581
1000
105811
211564
10586
1000
105861
211662
10591
1000
105911
211763
10596
1000
105961
211862
10599
1000
106010
211960
10605
1000
106061
212060
10610
1000
106111
212161
10616
1000
106160
212261
10623
1000
106210
212362
10628
1000
106262
212461
10634
1000
106312
212560
10639
1000
106361
212660
10644
1000
106411
212760
10650
1000
106462
212860
10654
1000
106513
212958
10658
1000
106564
213058
10664
1000
106616
213158
10668
1000
106666
213260
10671
1000
106716
213360
10677
1000
106767
213460
10683
1000
106817
213561
10688
1000
106866
213661
10695
1000
106917
213763
10699
1000
106967
213862
10704
1000
107017
213962
10711
1000
107067
214063
10717
1000
107117
214164
10724
1000
107168
214264
10727
1000
107218
214363
10731
1000
107269
214464
10737
1000
107317
214564
10743
1000
107368
214663
10749
1000
107419
214761
10757
1000
107470
214865
10761
1000
107520
214965
10766
1000
107568
215064
10772
1000
107618
215165
10778
1000
107669
215265
10781
1000
107718
215365
10787
1000
107770
215465
10792
1000
107821
215565
10798
1000
107870
215666
10803
1000
107921
215767
10809
1000
107972
215869
10813
1000
